10 34 100
6 9 25695120 2
1 1 5567225 2
6 9 92310239 1
6 8 66620861 1
10 6 97771911 2
4 5 12733998 1
8 6 22877101 1
7 4 15428491 1
3 3 58907811 1
2 7 99886259 2
10 10 80258748 1
1 2 66145527 1
1 1 24038976 1
3 9 12556242 2
5 4 71082873 1
5 4 71056576 1
10 2 34671391 2
1 9 69531703 2
2 3 66415412 2
3 3 41839942 1
10 10 42581316 2
10 8 4750263 2
3 4 67464629 2
7 1 21418596 2
2 6 62818139 2
4 5 54655625 2
6 7 7100751 1
2 4 4168411 1
5 10 54833199 1
9 5 5718897 2
4 6 77207433 1
9 9 39111628 2
4 4 28698483 1
6 9 71825429 2
1 9
6 10
8 3
6 9
7 1
2 3
4 4
3 6
3 7
4 8
4 6
3 1
9 2
5 8
6 5
8 5
7 10
10 6
5 10
9 6
9 8
7 7
2 1
1 4
4 7
8 6
10 10
4 1
10 3
2 2
1 10
3 9
4 5
6 2
8 10
5 3
8 2
2 5
10 7
4 10
2 7
2 4
3 4
7 3
3 10
8 8
3 3
1 2
5 4
6 1
1 6
7 5
2 9
10 5
7 6
8 9
8 7
1 5
4 9
6 3
5 6
4 2
6 7
7 8
1 1
9 3
8 4
5 1
5 2
7 9
6 4
10 4
10 9
9 10
4 3
9 5
9 1
10 1
3 8
8 1
9 9
1 3
9 7
3 2
2 10
10 8
7 4
2 6
5 9
7 2
5 7
1 8
1 7
10 2
6 6
3 5
6 8
9 4
2 8
5 5
