767650829
518118653
-1
179046310
63644945
0
-1
617787271
-1
49710339
-1
579007172
700810491
577609920
0
936328279
845361609
648905106
303714959
494586700
492477925
91049292
113795456
384714164
694408537
188762966
0
0
444324664
0
68825272
11326218
212692356
328923299
-1
576052842
0
-1
-1
434132291
549825868
601141873
305272037
25602423
83459314
252288602
0
548268790
-1
444876361
248461120
0
255561698
102921003
85279020
742561798
240476408
140160333
573357821
428472608
227199571
-1
228756649
110994836
143811027
984481540
-1
0
14126838
0
651705726
329474996
986038618
500115529
867319447
-1
172910910
406348239
123200571
59698154
842560989
820926914
527899581
-1
73242292
987282160
744118876
-1
412498216
57867167
-1
-1
939128899
376957251
988839238
-1
49363583
-1
-1
351957220
