-1
138551488
-1
254220003
-1
206914044
-1
-1
111163819
131680716
-1
14349545
438271193
168422463
221395763
-1
188274508
123932766
699892673
79045833
-1
-1
-1
103034501
50587811
78138744
340230263
221811774
449851453
196486214
279742792
67189293
-1
0
548324458
171414628
117958953
102671887
567974489
-1
633223266
782747554
702939622
181455565
513057945
932565374
-1
186274015
412159542
462516927
782916661
-1
934418381
151846616
529904793
528260156
173061092
658619944
89878737
611864437
142109315
-1
-1
-1
-1
-1
272759242
114665053
549722776
264189966
-1
306372053
334125126
-1
-1
118452564
149826383
-1
366212911
269413129
0
322499568
148374714
74373517
255986286
197447405
688765389
736670437
3579537
611294335
513925471
-1
115972891
-1
232649715
-1
406182525
353067600
824281521
135856524
-1
140673970
257265398
1372702
0
566063195
-1
-1
446378695
355924135
-1
439822490
256594824
191929307
661856171
189924672
-1
94157895
-1
98441754
-1
113762138
756940685
-1
84824581
-1
60435326
839283926
164795931
888710769
-1
121940054
-1
-1
292905274
936194110
357950665
192139268
-1
275050369
949529970
670025449
-1
0
780107641
297473463
498325969
105270976
439180348
216549835
380973002
480006128
629905711
354548684
492228507
205942575
157095496
960080449
741488415
716506030
125267465
279101603
-1
300998905
334105728
199161171
-1
510464812
129968049
988152540
839928144
86889778
134640659
199926775
250708334
197210265
244739133
920240632
118522172
936930736
327917883
399591466
518952185
131428991
-1
203148641
251907689
-1
-1
-1
756181317
-1
-1
254661061
180711656
244039535
53229119
337927247
833284133
34268440
267910508
179404300
466108490
306394552
187854002
196273952
-1
-1
460034318
118060055
947165332
121972525
103060971
331368209
-1
201353601
109807939
99303503
825708938
222423968
-1
-1
192100640
161753716
130422507
57792062
285889619
51630152
969428902
82640156
905904971
860792850
-1
98041807
-1
-1
82420967
434822229
-1
45492117
756457397
-1
97472777
214551402
950868893
300325886
246214314
175969838
583464300
-1
420357646
-1
131670675
279862740
784995371
229645209
-1
506404896
-1
864809955
233235009
0
779823079
373669807
93449030
56960237
714008018
977257459
-1
66556516
130565480
5351433
998200907
228827718
793121485
884512075
748046281
133672047
-1
986580706
95707313
661185032
62624100
-1
401951090
256434212
-1
813362473
114330997
117504627
198248293
142230008
180272362
8207776
640205998
735158520
55540913
736186878
94741848
19463793
43644406
138154112
629886633
541938846
29335815
222796369
119520906
339187224
912512719
209234457
776566480
-1
47645118
640109786
180944486
-1
860900929
126114368
546171521
194733411
71486274
565327054
253120274
487170987
433896709
-1
661708151
-1
362362535
365599918
945795720
361783605
734836024
374717900
180131200
826360553
-1
501723824
914978114
265761950
-1
340275404
753804419
143102521
76041623
-1
154959216
-1
-1
111240846
140557613
208590177
-1
107284691
250364534
765550947
103001751
-1
84666365
382302384
586145706
78274664
864791041
234368777
-1
661913081
423980503
155546383
-1
423169728
961382743
711002172
-1
466905148
255905345
195174594
222150360
654730927
927096598
556060500
-1
138336747
-1
787203433
134857471
568628904
619857233
188299658
206823790
-1
488133629
216537674
-1
322873678
8702909
-1
320542301
-1
502239107
-1
-1
788371284
238995627
813086470
134211998
716111189
317858506
-1
-1
-1
445486370
227878671
464675074
457351880
889659863
284557979
84130947
-1
49418880
145563311
600141560
461562936
379756428
135307690
-1
340087465
136591126
665445920
104834325
71363272
-1
191468867
-1
885783405
819480300
116961451
-1
679291487
-1
179542018
196701471
818636849
17718734
70587942
574145776
-1
0
520301736
188761587
-1
197074117
-1
826425796
747252208
76803287
-1
138613445
149465574
545515218
269607040
312618077
137873707
50986812
895997514
706093656
262029085
436955787
12568792
980303895
-1
608510344
-1
77098344
829674588
231780731
-1
197807098
-1
-1
466580172
864960788
51686802
-1
570646724
214414898
116313758
0
915318040
209099292
781926504
299456182
214973185
-1
168763331
202917061
137963246
-1
439777580
-1
-1
369153993
645459253
517215986
244339617
-1
687147868
509778511
-1
581906670
0
279580170
10060726
694698736
-1
484341283
411748585
127760638
49674438
-1
-1
135008883
372471726
58648668
88436045
398551704
286338695
-1
-1
-1
96863135
-1
147020673
191600141
374870117
518330028
142139865
674735145
678053180
95895399
136897836
129097682
731947135
645193395
-1
-1
88716940
222749028
671220289
151140355
874083615
325355311
424004114
184854081
602907593
-1
-1
-1
17861721
708570067
44451093
131159030
411209181
-1
-1
163616335
143639731
836751010
88254301
353059918
182384073
570753402
359748039
-1
501724019
-1
309413128
526095465
582121090
-1
505723057
283967549
-1
332377074
-1
44660229
477357123
205063863
64760963
271771932
-1
193413658
-1
615963991
62505594
148808357
-1
-1
617924716
146368525
644321799
134879932
163020185
160974460
328193865
54088386
560722203
480374391
-1
-1
-1
250486529
-1
109635005
90536119
486140014
346463730
559173405
468487270
-1
913130706
744175287
227551505
-1
-1
41778043
613259397
-1
391804908
54554255
-1
414052850
-1
124121086
-1
518664835
342678356
362734402
-1
-1
446525229
203892101
131336033
-1
-1
-1
89690965
291017667
732478803
260500492
-1
129381545
813514767
318720242
890133267
-1
-1
-1
-1
215311849
522936857
324154019
163611497
-1
-1
30268176
559176298
715374660
-1
523601448
155470263
993590571
928544254
229639705
502554386
237970188
296742596
-1
669475802
210260061
552219984
726751543
128199825
886078834
78385872
128035865
317683884
282495609
389904354
267621533
61763887
116716027
895283450
472423521
238879638
291830527
471294678
132032662
117299391
-1
525923488
-1
0
454828756
-1
651663835
-1
-1
-1
-1
-1
-1
199721625
672500952
-1
-1
239497843
463291447
-1
760373772
80055994
-1
-1
352437752
986784073
-1
-1
358691318
233652109
106418817
-1
-1
-1
191315589
85628715
925569411
82696334
-1
960191457
725637762
-1
762265240
91661315
-1
600212429
-1
-1
537263308
176685121
516830835
696528045
578285574
266115684
-1
144670647
198135858
731290303
636304753
336695919
772943600
-1
672258654
185714670
276185048
126795413
894812992
-1
-1
181695551
302709631
-1
-1
159618739
-1
-1
108828003
0
436202882
220359627
769181998
-1
-1
-1
-1
-1
-1
635949078
69140495
139029499
-1
626334617
-1
100505884
733460432
164516925
628820081
43599809
88168834
-1
285479670
-1
-1
797675154
400113130
99797769
653216856
421948052
111221798
-1
196833987
701568654
-1
601848971
565708160
340867007
-1
-1
160498753
-1
-1
-1
-1
-1
95103658
0
-1
300338506
46452900
472294979
344521350
165944418
241162928
-1
46505207
101556357
56231670
946165372
53075394
101463347
255595298
50494477
-1
756909895
113602738
95402957
562351464
103768233
724245591
-1
406710064
-1
128111695
-1
977399343
-1
264920791
-1
858099092
505559533
-1
110736013
-1
518067561
647362648
771108566
171701924
-1
-1
819301831
381583759
598208569
-1
-1
230317640
468813175
-1
374210512
931517403
-1
126708607
462127673
455120861
-1
75317090
-1
-1
169244870
229137489
-1
115662403
-1
398081475
432426105
425335212
375673722
70988555
176534502
103347269
110690746
552708604
-1
105713440
-1
122940572
961331776
15187422
350664009
146113607
287105600
206670970
-1
-1
744590008
201054931
146579598
-1
800411477
232447728
469452013
623781001
171363675
-1
182783824
799568400
-1
78920604
-1
151105885
64353043
391361306
44783104
96950488
84751934
952333114
483499115
-1
661278366
-1
67388725
-1
359864812
647924729
-1
88990903
679838897
764837775
273702353
932338675
440138588
-1
681877358
675516184
575844225
320700083
442838632
80676664
828467864
497222551
172647607
23447949
916497616
313020011
-1
179805295
4490968
61939812
110436328
135204818
-1
352056188
322947925
34063968
94805806
696264529
-1
75200426
486468513
574421790
-1
-1
304029884
-1
-1
192274804
593315522
85457361
699777156
59054122
73298614
99771839
522717277
218255194
127444780
413657544
461539873
-1
506915985
639012845
-1
-1
671951167
296564474
-1
508740450
487196735
113050018
957522355
111890308
236456168
610089463
457572938
-1
242082553
459231606
932575177
379590614
984109066
-1
-1
-1
717169379
203210252
989814422
114155086
143855028
62424494
116714756
879699640
256988162
722726135
-1
50276580
138468755
244608603
132259851
-1
461315968
0
794424164
63869940
821657437
137581312
-1
95276777
679033815
86983528
72710395
996366053
-1
126580974
200652416
180679484
234934896
752172155
-1
378577966
776773604
52751975
550700481
273648257
524708885
-1
296414915
863694730
138828514
292032782
-1
-1
-1
598669602
567916188
105717366
-1
107506683
835895255
662928530
593154372
148911078
-1
522073312
101865713
77867575
-1
92390630
44716295
-1
530027750
150958816
180776435
204381046
335879293
320940326
71844975
233241862
186377346
-1
65357451
59851056
594387153
-1
121600497
-1
586496195
-1
-1
861870345
-1
-1
53676059
339650414
600213929
208478027
924451365
666014662
283504472
-1
371173135
146846161
368263804
127785655
101281746
497417508
824560239
374565723
4515628
190219990
628776758
119542000
-1
767137486
-1
-1
648825281
13573545
705910166
-1
-1
-1
50757857
534349939
-1
986219696
299817855
219292584
-1
0
328534476
544778194
88287510
434349735
651059303
518305368
274478122
725729284
-1
795945612
699741367
0
-1
753901108
84925419
933268383
278804161
-1
417201488
487488892
222249291
565992507
319665852
43103141
-1
975092157
116902840
48944685
132884939
48891998
124373907
779888074
-1
-1
86607676
27532469
251914672
-1
-1
-1
-1
954824269
-1
144595843
606523293
-1
446212454
174724264
141361459
198658969
181736205
-1
180610294
8740247
-1
-1
531891645
-1
248460811
-1
101437708
499187369
738913248
-1
282244210
-1
407665239
111886830
328169205
365681940
-1
346499335
429505734
418534017
0
85894359
-1
476310590
237035644
502190001
858205765
424332470
-1
723868815
-1
257943911
-1
691251741
-1
362555410
148712421
760886752
140631145
-1
95105325
292547067
-1
997046136
83935163
3253214
329716480
-1
-1
-1
510953893
752126590
135928651
-1
412455384
661418655
-1
163758912
-1
361079904
505416857
-1
164020122
100427137
840061957
162380138
249267945
587800475
916161895
-1
104889628
153700564
80673884
-1
27486334
-1
722726088
302310285
261004525
236579475
892517486
-1
132696963
531789105
364814771
197036182
343025620
925991042
-1
555047930
339745219
472609010
-1
17454429
85114236
-1
-1
88189964
98185113
63286886
179004610
365009493
115674142
363564531
172049300
334839696
313006385
349334513
-1
749361955
202013033
217190947
57066618
228936535
772375926
63014425
-1
107467528
871022072
67321140
-1
138420093
813111130
259501450
222305835
-1
391716476
561269613
609875024
-1
237117228
-1
-1
132875185
112774464
270879439
166711779
134638644
202843578
350167522
-1
-1
-1
960271680
0
117017182
60449962
309718770
669898233
99021395
105875553
0
-1
128947305
222201429
366250621
529355445
-1
-1
742087722
-1
195163947
212194387
143536496
-1
-1
804180356
118136175
-1
128580598
191928879
445928407
67895423
907436859
-1
152215237
-1
175743539
237089244
-1
820701356
102805878
964086992
-1
66795534
505048134
467273991
308140280
16552265
200949075
166610306
65202385
-1
-1
-1
-1
781788700
-1
82757637
287916381
335993296
599789873
246012916
1976463
307229932
-1
198625566
-1
-1
-1
-1
102666557
-1
70325542
105735964
113881345
69495107
169509302
51084199
401903343
938159976
892890747
591571035
394665689
147068602
0
460586943
1624685
769444466
-1
274296801
-1
398073734
-1
115301921
373886199
-1
213046023
110247249
166738568
701060524
-1
-1
367923074
-1
89889127
-1
914954545
480222770
304012456
555038809
86624945
961125301
133705079
680383779
397160101
530880892
584043342
559764292
272575460
252393231
96998403
18945057
158813354
251133568
583816388
617385830
773133202
899065856
277892122
551820386
174524912
203776935
179654251
-1
-1
-1
45267867
-1
199570439
-1
409520264
-1
97677170
-1
756874208
152708010
876747510
244188799
731433626
725523279
553864672
416654078
96690636
-1
-1
11517899
650684587
-1
110416108
74606527
175016223
0
61773467
-1
329331438
14485034
74581452
627291556
497410066
460025358
130268955
618231476
-1
631391801
851969279
224295820
-1
111536461
63130016
25901093
-1
803026587
980709342
78498259
817306266
297617265
-1
-1
0
-1
524005528
350526105
114204171
253011868
548169811
60879280
979524254
163836089
87353355
709298666
-1
771836860
690904460
95884228
119845169
915954719
-1
-1
61458868
210216214
874210417
606758415
187169310
425478203
80526125
-1
44437909
733114986
381736304
137472815
-1
-1
673674499
199511671
925206820
529735867
156193541
183069043
844300487
58354957
469939712
249646714
90966507
459061757
27981973
121763092
809426370
724717292
501203157
79270833
11643911
516814923
210194355
218534513
849393110
213443113
961897625
9980540
160373961
636687163
801836929
-1
263964846
-1
86112543
-1
228005093
691356964
-1
165433476
952600313
363218562
872510232
-1
133941883
236651886
-1
381088626
92613204
47744328
610407008
774835871
550093066
245232026
105785381
30564915
106974400
99190627
147530270
243119836
38206268
71827951
-1
914703011
91477201
-1
40427122
-1
-1
54515085
-1
135318772
95104265
-1
307153874
972950948
-1
464604933
237165314
762343925
-1
630483848
55898767
327150173
101388556
-1
838556170
92688883
969751197
93774412
45537474
209436502
929963635
-1
223499668
127450303
476219478
676018400
589030014
172312818
-1
161137514
-1
378334771
154828375
-1
85596296
179552581
247157744
923394644
-1
133523636
67941389
314921412
-1
317030150
-1
-1
-1
-1
980838361
533501100
258097299
-1
-1
412083244
125170986
499227794
130857788
-1
141357246
36634117
517324558
-1
283269097
991508747
88247187
80308582
68270365
895316017
-1
330830003
276981639
74286465
651338556
198280281
557961591
-1
702056536
612109199
929515707
514292120
-1
69915890
698377393
865932881
137502704
-1
956324194
849237100
675302123
86693275
274470867
151133250
286591506
121985143
472840425
421972462
-1
595656576
558043383
565169689
511100130
113140906
175441689
153480904
967943366
770608991
107583238
553225652
271814080
715946202
216697042
175483596
176001648
-1
-1
203466697
117365243
473294748
71327272
-1
174573504
165194251
-1
829111829
281143598
142955055
723644310
-1
-1
23093663
49372246
-1
-1
51385697
110157353
958958237
109496526
-1
-1
67975297
234005084
228107059
-1
92568740
-1
875023456
629691677
146261475
340031531
192502937
0
272084324
167516636
-1
742512119
-1
614989373
-1
-1
83023428
742837140
185907772
800984692
-1
245216464
359298786
90311237
148345302
-1
-1
265696083
-1
490160939
306358865
158711697
68608187
887869736
227351089
486934452
849383181
986331575
162827194
262629261
344348991
113252166
108283551
858792780
101867032
341387311
354321421
-1
145482706
264638118
158005355
116851603
725050433
-1
719223294
-1
305915368
305290277
-1
78508806
-1
663304888
4481434
264436678
834668361
49079883
133729511
566469648
-1
267718740
518466145
890321161
454457727
-1
174726094
200364409
616534772
-1
690401149
863742390
-1
920732411
104521660
666958165
-1
25625914
-1
76789251
-1
965073853
150891332
893714423
847309575
88799859
377698396
-1
253105942
90008706
-1
167691171
-1
-1
541621476
949517522
163910479
238467764
-1
417993785
225189591
698867692
158171895
-1
171010252
-1
-1
439688818
-1
326403945
666509795
637322681
-1
731175642
76309303
147182537
-1
241426662
115977532
202512326
586081948
356220679
169566514
264644927
628183142
941577421
146507180
466235920
890157927
95325300
325524752
360753688
48252733
-1
514950303
-1
-1
816036719
104320827
237398809
-1
148080385
26326725
122003783
-1
-1
11453398
-1
47012693
173790546
150553612
-1
-1
-1
389316255
-1
-1
193283653
118129450
-1
935747316
139928895
127689005
87629747
107199562
34343909
47943919
371637978
397878262
120231678
212052870
-1
-1
217998684
895316498
204372972
131775953
872351372
762310052
185546592
447335728
97148773
-1
151796302
-1
788505034
754004890
401455957
623587995
408719749
95945317
52107031
55401861
875630183
-1
481552063
233167426
237201718
162332673
174006352
-1
-1
515706589
92559971
-1
124603762
-1
767951257
111585269
17001315
133385236
419013438
413904345
562607714
908137330
450198966
140685163
-1
320817730
94359992
836798244
-1
969372865
-1
529985863
873594261
245484614
-1
0
721585971
343353137
258791152
246825774
546382298
247646644
-1
395208313
402478733
825179689
92222291
46863790
147536562
693832881
92102938
38001914
184378533
276388689
-1
225611222
-1
216547952
-1
403250804
171279934
971840472
-1
269961876
198578844
484267323
-1
76484687
-1
55464753
141217261
291173544
205691504
706045646
201925587
-1
175701106
548308016
412256587
-1
302373141
74210709
187604423
-1
-1
223313433
-1
358242077
138066715
13905977
249413110
783319942
-1
122476123
165122066
971316365
914873345
-1
101364825
103854594
517072791
-1
95042912
249671282
-1
234697255
67762118
157145889
566943163
218389007
0
721389333
-1
-1
279324105
-1
377948780
-1
984033245
348937819
682965955
736791697
203900704
-1
-1
838785351
-1
812321169
206430650
138090311
-1
-1
219636537
287991472
376678633
602935991
270736921
752507595
38305277
-1
905707978
114729724
266673473
166062073
685203584
95696850
-1
524020247
-1
-1
286960694
407448503
290979556
282172914
-1
109399076
-1
994846550
608821342
891648112
645121127
-1
546219972
893937458
203260834
351417113
95644238
443068421
678265249
910023484
656372083
-1
-1
496967997
-1
121071339
100899577
-1
910140682
-1
75004782
956588798
229903290
833398182
-1
397355340
225249256
58010894
-1
202408529
0
96180315
115959110
186658006
292200248
-1
-1
171303167
100836272
63926322
-1
417363671
191121008
204515934
795542321
582613419
908780903
334398806
261839020
-1
57311878
-1
151119024
200340015
829187567
925202045
445814250
952199268
509272687
319797721
190772631
-1
112567970
882581577
441870888
-1
122612567
99960073
-1
414843849
189910336
-1
88475233
475267067
55469291
457476698
860569146
118078921
145193683
-1
165172970
-1
221174572
-1
825813143
20770000
-1
213279872
-1
433963783
275926510
860144468
792240266
167538868
606049353
362656581
-1
-1
749105922
204333543
504779798
92832808
162997364
-1
-1
843483778
83998216
892104775
441621974
625851733
164516689
369403852
716452720
-1
-1
220137014
918116279
270339465
129313404
997541269
57765161
125109775
-1
723694166
270047824
57271710
-1
345088295
543515148
-1
112008964
48064374
771079426
598368085
713656676
-1
-1
-1
141384895
38174104
682886576
346331461
-1
483914151
98929567
809669534
799714108
563712516
781242853
971832642
-1
753871077
149067512
883823661
-1
650560553
431688029
-1
355683350
589738990
769066187
149521162
505879509
794015956
188222846
29590427
425198411
286647772
132010697
412701620
-1
242673166
61384005
-1
717725207
198779007
334301653
-1
509513423
0
-1
20082511
79255358
710948694
-1
413497927
862019828
941798408
895281615
809976178
132924876
46529453
382677268
779369040
941388304
-1
4472688
241675938
819455640
339992302
76130280
147429637
-1
456510994
-1
306406464
-1
-1
-1
43546206
901048568
-1
-1
140920431
400478663
696100965
-1
-1
291985542
-1
376098963
83794227
-1
170136265
292464180
228550952
164990370
562108155
358632527
591714585
967285908
-1
-1
159898436
-1
-1
-1
354405050
334811400
82430399
423105951
936974366
968108278
-1
664923601
125322916
-1
139914900
566448030
0
36927337
55413605
-1
146823990
-1
456385589
-1
-1
113009818
81451634
241438391
438780075
544717686
372867611
134833431
79730683
162851131
339037954
235909686
182777479
890393997
742213128
114783431
756019599
78483194
319233276
514466141
456806977
-1
26886469
44457839
-1
-1
112534093
-1
121603266
196042259
492269420
671354102
-1
746122217
-1
-1
416105845
100798204
593449335
255315531
751631731
-1
378240391
372210868
85980586
611280591
322326655
536113624
193478825
986674040
147376859
734948467
-1
468905218
488636890
268122106
-1
-1
130421119
100963748
-1
-1
44992298
-1
148348646
101395121
-1
543660820
73233387
96019179
93063682
113673952
99722462
207530083
476772565
106927323
-1
-1
246544086
674063724
-1
150101193
726136562
-1
762842813
295770958
-1
497135873
994568605
-1
192467831
199137019
110597259
0
290487252
521656501
51295057
175930620
176577825
-1
639065399
198354508
-1
710466517
778312360
683683593
-1
731587697
883193820
-1
227815551
-1
995769706
805439337
109169555
-1
-1
927336077
109940342
31351378
149184911
288099122
-1
243517374
100788034
853988257
987642342
489645954
31295212
-1
-1
223411304
411796595
500840429
912482863
-1
65027541
979805789
867762291
829217687
59740116
0
-1
-1
651451377
982806322
387585499
123428794
163339407
-1
-1
91390590
-1
211863526
631941021
-1
-1
-1
-1
-1
219668317
-1
234700392
548949648
3703792
285523173
122147028
685144073
658974492
275578016
237233183
341674241
162404955
193409497
61314674
247113499
-1
128336706
130204867
429340007
-1
226815845
330534546
827674518
-1
202829618
-1
700113574
604737255
300342434
656037967
400097028
747876319
319675315
415938191
0
128044948
397664312
129347359
588476928
-1
658303252
94927244
87415506
257060543
187630777
701485854
168794723
643789772
623214883
765520280
90865520
160156725
367686810
-1
226029984
899432782
385631424
833378380
767303137
355222360
57894099
151851144
100126398
54573481
-1
213517853
105672963
356479353
-1
-1
-1
-1
-1
163681340
540551483
-1
218403722
882781792
218304093
-1
349503442
622240828
141247009
610750807
-1
-1
808567182
190809712
279240663
84083626
31877391
247034920
-1
160864527
1678795
559943630
145811128
189632022
106441290
114390411
80658757
276107090
343091399
328291483
634338694
296630828
26789428
-1
588486093
-1
252196708
60677835
287839082
0
183948636
-1
532502241
105288595
-1
430140031
618985643
100516409
-1
223068480
61713235
36306947
59644311
142899624
32901124
160807839
108430714
-1
325240955
294193478
76837729
895627578
0
200788362
-1
88551598
-1
803874488
-1
-1
910354551
-1
607951527
-1
109069469
186845101
329702327
53873218
471964718
-1
104862577
598644088
50430107
-1
524783800
65143537
47950172
192643367
-1
-1
804216396
186236029
-1
-1
117701781
29554366
933923224
-1
161645068
-1
119746091
994394180
704602961
360072880
85857654
38459634
207865591
791129817
493844648
87209797
-1
133242136
102613912
-1
659158485
627601514
-1
251550705
-1
486624516
803891322
0
432721952
-1
94436975
-1
160400351
98245009
150498373
388303184
98854631
-1
116875517
43678888
846144526
-1
687002451
162298480
519402754
-1
28589704
-1
120503998
482649660
-1
227253277
85314242
719495472
681215983
352615886
874204977
378913584
217043085
951146090
107160528
432686687
885007208
138582221
87648288
-1
262101184
367934417
409772700
162910802
91468121
300325414
506154783
543281045
-1
622717153
736467970
559331895
709350165
701619667
310504677
69729740
95741146
560712681
127326057
977161650
-1
334002277
97478999
631693981
854788268
84654557
947835593
395416411
266955988
352794102
280714687
75153937
356784904
-1
85471897
645905089
-1
375354697
120035637
137516823
86960420
931330102
83237559
927645094
-1
697979265
388054141
-1
715921542
569770535
-1
14370070
-1
767610306
120581008
-1
79303390
-1
131091897
-1
124675482
109161679
961584730
273834879
553446160
161084271
-1
122831096
30856245
187598044
217843256
376571403
-1
-1
292407349
-1
-1
627184990
-1
268010429
275671826
169619793
406541108
404723140
84490684
-1
181075106
294914834
373582250
-1
-1
-1
932154089
201045540
964455129
-1
-1
286956657
312680480
495531766
-1
345133241
218446739
922611743
312223328
111134394
415681985
797320179
540013128
23682172
143540633
397639370
-1
-1
216058879
972731077
-1
-1
530492224
-1
228984817
174251530
-1
361782906
748939590
447775245
921482051
-1
468282212
146309365
200392994
623144414
-1
162311866
-1
-1
-1
618348568
-1
-1
105427464
752432707
853478253
-1
410350158
803275748
61765195
-1
213583036
851988187
-1
88434796
44520778
339477708
-1
295811775
164958653
606045737
-1
-1
-1
941086750
-1
19901950
140326112
-1
-1
460423942
137383872
88033530
-1
-1
140828328
163949565
364534881
642219875
35719203
392347758
160353444
-1
387881433
401127452
-1
785218110
161729684
305588576
887169086
54260803
38142065
65047401
0
134798749
898928462
155154895
345842547
174887373
234508024
185633387
111579999
351392138
52385223
-1
838183657
71453672
799911211
716917612
113971812
218666121
830726942
64452868
769826791
-1
-1
-1
344463660
209397595
671598562
410063327
623080781
-1
-1
563315095
81298777
260053011
-1
114685731
590080642
97234056
-1
244240964
484457077
217516172
691646295
274902909
-1
192492491
179398322
123864751
-1
265637886
271891022
524364111
912973258
125813758
486950421
772113136
257359325
808212361
-1
160342404
167294686
690392225
424969240
67809870
100187762
119980202
-1
-1
603048566
189731992
614219504
-1
332947735
872915023
-1
464235850
713146006
123523163
407676298
-1
280839037
830259268
516327108
327876558
-1
515962461
-1
-1
214546603
102976292
76168668
442738293
258103448
290809913
238770756
-1
96221254
-1
142082692
176258199
246080558
-1
-1
251954896
-1
-1
506814732
104228524
152037242
43919923
959999029
411924279
319358968
318364687
82113089
148682695
-1
206804200
102214306
-1
-1
126336573
203478699
76666573
502309685
15831379
49480288
245678383
72275400
480490191
263094033
-1
708297895
-1
166777869
-1
909705810
193462064
282724851
282842033
542973576
883107697
401607446
336290348
-1
-1
-1
484275239
-1
981749601
14330472
-1
-1
621311744
409577719
678572715
-1
46029264
0
133099878
628830842
515050214
-1
322544923
549426783
149959110
598639746
-1
259668643
583075205
-1
119850546
582066378
14977381
615504150
151548521
168454470
-1
405734792
19098735
-1
783905713
-1
88221566
179468243
225296133
29177936
59781930
414120099
-1
151762655
213168189
753564203
109920034
-1
7311242
0
156339055
507283277
-1
337215415
111584074
13901109
61087719
0
-1
331257156
246222659
398468791
-1
144821373
316085583
837887371
348728697
-1
-1
789893667
-1
364861424
174682530
517992551
157730529
-1
162580805
89844408
-1
45973984
813840672
-1
39304776
148572655
349982616
985516636
304614378
97249271
31994260
251767
180758783
261375440
-1
-1
156474595
55803099
326477063
-1
379218094
183801012
-1
153293834
-1
754147456
409006606
-1
386442855
201190266
-1
10317317
-1
838006419
794446385
393506323
-1
553046214
240151284
671508587
23905269
156627861
583841871
-1
868203721
96468101
876389227
-1
508404966
178820866
179339453
175031026
76447749
-1
265415025
52965199
925320362
152252373
63466573
-1
901929007
478106943
242796517
-1
98602562
313750284
127986592
-1
-1
52822664
46109446
-1
989479838
562516854
813828596
151544586
624882482
-1
-1
925849581
965533543
657706064
-1
113313663
205297353
-1
263166528
-1
149819917
825637969
216747019
521321803
67546882
115201566
-1
227285548
82094027
573934854
747791584
160362785
-1
-1
123192918
136404328
-1
411039653
-1
564052898
748293800
568753332
652334175
238692626
662560865
-1
-1
724789543
263386520
914526527
21681174
182549070
60595189
468512375
101681024
41768730
105251092
73146164
431368218
134898485
253135303
141232573
-1
-1
824426426
916928053
380735249
944472280
-1
564352201
297756568
-1
504468181
420791566
238223979
261460174
898807714
620071920
205037493
147848920
83686739
781736369
292608113
943578722
263006352
-1
570410436
905369852
109324823
-1
172616709
870123749
717664361
162456738
83407620
-1
102095562
521328341
-1
130326569
129365704
84430607
-1
979256884
-1
-1
46173413
697119923
820916781
61654569
978491503
14903546
-1
0
664799969
368616479
565102211
826036289
527790749
0
138555341
160578256
-1
144920443
44941896
-1
-1
528128287
-1
63418341
-1
485408007
-1
-1
-1
293542944
-1
778032808
302462412
210265894
27779725
-1
917570028
335228033
371709433
-1
315296614
-1
977746897
-1
181521061
26450210
424879703
146312535
214899671
793824981
128765884
40445379
393248395
-1
133673680
-1
287106121
26497941
113374530
77242808
-1
-1
-1
-1
880458257
-1
574779082
77918211
138232519
639639951
-1
-1
-1
-1
82295418
237769612
321123025
-1
90529755
925554642
271108965
828586994
685735212
-1
995182210
209732898
-1
604773544
631368140
-1
771653436
581089324
250466770
933568026
704553802
-1
921714325
25607890
-1
-1
52740089
-1
140861141
-1
-1
-1
499630015
-1
275769123
620343964
-1
829536498
370749910
964451885
812267024
-1
-1
89656707
122730801
131506099
231583197
79018156
-1
101070446
155998576
511897206
808341721
119039487
206871217
-1
-1
-1
943098791
291397917
975709223
-1
351555290
334831065
882857580
813611057
-1
92076999
79743577
-1
222875793
134064387
514961274
101914353
141987620
-1
106266147
86011502
602404780
326164947
559712712
496723311
157950828
832278958
320360081
134544020
-1
-1
-1
341238754
-1
748663587
-1
399496380
-1
272341516
555138390
416075378
97057024
399313756
841799998
201172960
287973367
542702706
-1
905428727
-1
91959672
135120952
182044563
130009017
632186240
926781987
-1
-1
830011105
285665330
849530506
-1
136289010
42370083
-1
126160768
376883588
251562923
134958937
361639577
-1
332888167
72794401
659287445
316323888
240614391
-1
812552646
88417070
-1
86853843
71229990
589789151
925804494
561306513
634304353
-1
170195256
954370093
961227032
312641671
-1
613469870
26857396
-1
880553311
102997792
-1
394390212
-1
578134238
59690879
214806337
873353870
927206890
635429571
56604912
0
29327590
-1
812884566
85048886
646329056
773954758
118855167
220746646
610301291
-1
330863163
458901071
995849008
303208516
322859086
659197279
45361898
202784156
816536778
144235307
168179665
-1
109922909
88977310
219899800
-1
225086362
91807463
223855852
946927807
-1
380809279
25470035
440167365
98700246
381646615
-1
317220218
218041376
216405345
427483834
-1
459819438
159400795
-1
136153830
494250714
257428859
932760513
-1
-1
135605323
521452794
250851405
191940680
-1
596066578
231284991
92232159
255929621
284739634
70402220
469933964
349482949
985249887
76544888
-1
576334308
-1
728380406
291639488
247237538
407253156
559116401
-1
80618336
-1
896826485
607279263
712345615
142711612
93836593
37060378
-1
-1
-1
166704238
521718263
138958857
29611122
171343383
-1
187009020
-1
-1
-1
116378108
-1
-1
133917990
823307601
-1
163052940
101444471
159190308
-1
-1
122218300
-1
171787426
-1
-1
722671943
-1
250629079
493343340
-1
-1
558264732
141601641
73115908
11905907
789164835
211595044
152949027
-1
-1
-1
513551922
115165491
919564560
522783167
168220717
721138015
-1
367601637
830008393
236148387
-1
131544487
168043709
567912209
202078338
160259711
-1
369040135
-1
55623351
104530598
673007938
751753343
986973051
207923937
-1
924279338
369080483
504316561
-1
-1
100743048
70157984
225329733
340742011
-1
-1
922611509
427641445
85521863
135778675
902390846
609609166
560989723
-1
-1
122661854
652571111
579535360
37777176
49329353
-1
-1
282901462
-1
603243402
600245265
144022805
233280107
18128339
-1
257090030
97130615
-1
-1
-1
545553895
281546817
0
-1
156934430
188958640
834566123
99862051
74740200
662203284
354037468
218968803
721493976
96083541
889413185
946558038
-1
44843318
891491116
-1
226342918
179652460
952547030
979621576
0
323358596
0
637783539
85837097
-1
297243064
-1
0
515459940
368861199
13419677
-1
175194747
251537043
-1
170378013
158328027
44508633
161898237
195411069
165016603
176506887
605425004
10804524
67966489
364401068
441305259
0
130259012
-1
-1
839665261
237458026
530805936
971619190
439802240
103810246
494921283
-1
251889700
837931317
-1
-1
894439674
14237138
914720183
2693422
86982112
-1
78275890
105048437
533875052
501319049
263189831
391302692
-1
765229032
225059195
193635682
167898236
432293350
-1
203146136
-1
-1
-1
120419148
874707337
176281054
-1
208421675
559750110
-1
269511235
248164893
-1
194446103
229874178
-1
970415856
903865075
279737417
-1
157981494
299463987
-1
-1
687585153
26653330
412054769
266415620
-1
805734995
569411952
575889274
36425150
-1
375060328
-1
581138124
172110183
179003179
260379482
907258032
41346027
489621294
-1
497136552
7057905
997295561
-1
-1
66712128
332205948
-1
225887300
-1
673838442
216510707
386434881
-1
475613944
200978114
96770394
-1
789904177
0
-1
-1
205071854
588979144
803132617
-1
-1
229628491
181309414
943849983
-1
-1
-1
-1
352102166
-1
-1
168908886
73211514
220428010
480891431
236419753
-1
-1
730118814
-1
389470009
125440900
410081517
-1
-1
178287752
96535187
-1
47645889
94488043
-1
279077727
747570982
-1
727756570
964866745
182000370
153055877
505357559
118321224
809660732
-1
616306346
-1
700404267
120420712
-1
57182484
-1
76509347
87349554
407079868
108014938
628863144
183396908
24951993
224822757
559737386
-1
161634900
810701940
-1
240569929
111853340
891925377
-1
848669505
376971540
291004672
132486800
864496642
645771243
90747686
236104395
-1
781858043
788651712
-1
768434609
148879629
234768149
-1
-1
498597677
129447290
49761084
960454653
731141636
457531534
-1
-1
135790013
354494539
183161911
29599628
361949501
211687388
772183704
145875833
-1
320635635
801789511
696141524
382259681
515071425
-1
70471640
307726657
88520578
-1
-1
355112111
472549819
896282376
837762090
151467574
220471754
309605126
538969093
-1
-1
607909928
86715790
131144368
641861837
101625233
322747831
140943468
237812475
132488357
66998810
179300344
300938150
576573533
174728616
375258901
156531683
667964123
-1
184438826
514317724
374883546
195349166
24309539
423262460
995383846
-1
279561465
512108758
854806325
-1
896779725
-1
-1
-1
304106775
353570902
-1
453360897
917954789
164613686
401412589
254820398
223198967
142406901
777537675
973391599
539734503
266060490
-1
42404407
149223712
296239667
502925360
380505298
-1
72515719
147370712
-1
-1
-1
39556784
-1
409090471
-1
-1
36496525
72936447
-1
233608717
-1
-1
131778515
140244040
370312624
965369044
-1
95145480
631750384
144519096
126756311
76318837
-1
-1
864497408
-1
130499205
174700801
254355487
554060430
835328364
-1
453763508
564377137
-1
184952298
930910682
48658684
584671895
110758709
170043928
657549000
172910910
858712662
33538853
936415489
347679273
801655698
-1
569830972
389879150
539319675
127687167
220181723
374922150
779658620
672299736
279694392
367775
201199622
124711478
384855722
471336003
-1
160555555
829757780
903003713
888125499
770590027
70061050
-1
698333591
-1
-1
197448887
879122695
174709556
823298323
151028283
135071628
-1
181530687
717547080
937939532
-1
185901700
456627806
154787890
-1
731518118
107212853
107516858
73302939
171537478
367494178
785416649
176911021
167477723
-1
793512616
-1
950459732
-1
57746524
-1
-1
216242116
126578276
-1
158315030
182330841
-1
75028037
705665220
-1
175350218
741404891
235852602
136424846
318709917
-1
-1
955720775
-1
144220646
-1
856939237
192608862
481120646
640156558
135319405
734994084
-1
-1
669651758
938293789
154921416
451578511
73696954
85661646
671355406
268002754
100187364
339042399
133547578
465835716
140248865
172885758
57759127
-1
788016936
150295502
637912773
105241499
506656474
-1
253776525
-1
859147620
177410152
-1
641682343
63459955
871771220
144705917
585326222
-1
322266959
-1
182086450
-1
621806877
484900755
89306632
177281963
-1
124208985
549219010
732940764
710948027
-1
543150215
-1
63805035
243622751
311739424
387686395
-1
209126771
-1
563583343
298160347
310817996
400612803
824841050
245808298
115575961
225504368
306819221
883058049
177268364
804732921
-1
-1
413002794
955949431
713899709
179346331
467101158
-1
655332371
827669841
-1
747434944
810834495
16858150
53453757
642477194
-1
814281481
169258464
-1
-1
221267544
122182010
720961711
651341330
-1
113232839
192599637
136300879
688518710
432822159
417885539
114509067
-1
907544351
659879139
-1
-1
236464351
-1
683382294
214301758
-1
100826108
-1
114795430
162429551
169938894
563059859
-1
118819445
-1
366760574
253680900
725161493
75325440
-1
-1
443957989
142572438
919914727
-1
380118691
870359198
-1
644237292
63943744
-1
99533512
23309561
441139458
342568449
821564103
172443344
169607480
-1
852075558
353014052
766905199
215261949
-1
574450809
122686256
246215926
176099818
64316806
-1
212685145
-1
-1
435599434
96161598
-1
210416870
67471642
610919665
866480291
164813462
292946182
153221273
98087818
352307955
269934239
813293262
919739968
494820521
118687738
182887523
-1
0
631831429
-1
-1
892185810
823286352
63644293
652917038
186130308
77866591
-1
790957358
154818718
-1
-1
908157714
139440640
921186068
-1
-1
141151374
345872935
202382122
-1
-1
234669089
161951269
-1
104076159
812104165
57603072
304097018
-1
602820397
512467341
-1
-1
-1
-1
55584427
0
162516855
-1
116873241
497276253
211340561
374617001
135912835
254509211
-1
0
72221461
93555678
594905290
-1
-1
306729984
915440837
-1
-1
658722663
166998945
-1
972249877
141612429
29070506
353945737
149039406
122399412
-1
51333301
468868003
529716467
117489430
-1
70503909
771069626
56483973
-1
-1
92058768
196298718
62863494
132500827
126020490
-1
-1
390419549
153648005
201705624
125447328
227486448
989583029
854618301
350175498
-1
85613899
-1
-1
-1
932754856
59370432
322285799
-1
96906127
69227045
483447692
42253679
117333775
81949049
469507915
-1
109632647
598024867
197885791
753663634
53370960
400333610
-1
453393736
77301989
-1
641741893
-1
123277856
131932407
476732192
-1
74764860
196563774
206927612
972568730
-1
392547612
-1
754448457
-1
218983886
115556126
661661314
143291324
366201581
194269439
160501422
-1
205950030
203275400
407473163
287401473
438912747
-1
691632533
-1
652128703
-1
190226297
359822379
-1
-1
95546873
0
991699016
0
-1
941815114
-1
-1
87898744
870317807
-1
91591518
82953872
270462418
692331423
231662519
299625481
-1
77387341
319283166
922904807
-1
-1
320106693
17609769
-1
58042203
796917705
-1
208934824
177052634
-1
-1
926377083
160420224
142928479
814996447
889928965
599447513
-1
89374191
106014467
538301087
785918278
-1
-1
341480645
66386212
553011051
-1
381609553
673037827
72883841
179123064
0
423561907
-1
100870414
-1
182715167
74795402
265468201
-1
993050313
-1
441373206
872683245
-1
124458849
39179084
877763093
81856468
191928884
466918483
303586983
459313664
-1
-1
253350506
-1
95144859
232221302
137453804
-1
700974838
116709149
-1
782379556
526629692
968159406
-1
52336224
144814001
-1
193580004
-1
-1
509542828
901730474
-1
-1
607388874
667669573
51248379
64080409
152146704
-1
-1
810341791
905970703
143630706
135661303
472077145
559695965
614441963
816804050
-1
783525968
46342911
347009094
363705356
322362972
188215179
282524965
100055125
-1
298320664
-1
-1
-1
787543743
481692300
94556795
-1
72048255
569275304
495695718
917005477
-1
25484912
-1
102100426
85819222
248355856
-1
-1
488628962
136012043
839025998
145690491
687323841
357223114
-1
-1
-1
428727703
-1
-1
-1
-1
760528934
217509194
270925296
736118587
-1
367603884
939096934
0
-1
26474870
600255705
173038689
95409743
-1
-1
112032611
133735165
572564003
86994770
781302244
-1
-1
-1
539590040
897403677
33454885
198593107
-1
-1
-1
68102929
261805583
-1
654287673
126737514
118555322
400449636
990671047
714422533
986769390
54445890
464683509
-1
444773918
995339418
-1
77568102
136063066
-1
-1
-1
636306813
406297753
121782442
-1
254086281
-1
89252487
289726724
183366425
503103811
593834358
136386217
-1
-1
-1
69020264
-1
-1
180875668
854233403
859521738
62943483
-1
215273941
-1
120509648
-1
3169721
0
48402811
-1
657601622
-1
139574616
906899837
50086698
3000477
449652793
734894322
-1
322490260
183780320
117355617
33659421
18131583
329950401
115335122
165430867
627838174
190963939
-1
135192754
285163114
-1
991542497
-1
545087178
780785021
-1
62893992
607852193
-1
-1
-1
-1
355489266
172271145
15456482
972343568
81128068
618950954
59385062
-1
289404039
509100060
154572441
255561698
-1
319217384
232770819
135126912
80493286
299549075
976590661
-1
187617425
85180086
-1
-1
862851338
-1
744087792
153103825
114203723
212806915
163613586
743794542
-1
889913206
-1
-1
402665205
958943679
-1
32019350
276356603
353258212
-1
134838295
106819660
56025625
78326006
-1
-1
397190389
67315805
806171712
534035386
515706103
465618928
-1
486457147
867648509
162367871
-1
-1
399600978
552584752
399639661
-1
87814105
438526021
972165991
396103800
15203373
543930187
109375499
18510158
823095547
936687786
-1
483431161
81313086
190285340
285953930
348415092
25361738
-1
844695639
703836600
183181019
240269694
39637095
173852273
-1
-1
86138363
159685527
-1
0
78258604
216869290
813187753
-1
996853113
19343195
-1
159200460
242153120
-1
922550168
-1
-1
678773053
721460923
-1
348817115
703947292
607975071
651946048
190872158
872523047
400694244
-1
284305814
-1
52682504
813198165
22704881
447164987
114406203
184865094
54667749
513497777
-1
866732140
-1
825952504
865966911
857896695
353052230
785649211
366841532
600535556
320592734
345604186
226919669
856024174
-1
108367754
-1
929672745
0
299334131
533533592
805133839
337347069
538952178
-1
748960771
-1
364554688
598593686
198615105
155361515
-1
737514551
973255288
176319057
878198988
-1
220337485
620423122
80535889
168108149
780802193
359264743
600544125
620250144
-1
163154532
950910351
625687939
528208002
87489048
78126661
178134286
331244912
910907993
356982363
878675908
921658581
0
173944036
-1
686354317
-1
181070638
671103429
190917388
768083293
-1
48339362
-1
160063583
681837082
-1
28639452
535706012
669709414
861159638
-1
571468030
28568290
100781157
-1
-1
518654095
-1
166968895
114483744
140321050
172351638
157917789
506968878
-1
-1
125929755
729088341
192730118
-1
305459435
177970631
941205880
675740787
135537355
102559736
0
-1
473786012
515013693
92375940
265593606
850403987
857692049
-1
361026806
506692768
55082068
668178157
-1
-1
118309612
920830625
618278270
219265310
170458181
542100410
-1
817468998
691180463
63790772
50026769
552328399
-1
958054874
331581425
-1
102829325
975222553
-1
-1
-1
35054939
50807703
116968450
-1
774280200
101403256
129372743
619498364
541739012
-1
6669450
795151738
113235065
203493157
315482951
562554039
207119872
182487940
-1
-1
-1
388638167
155879350
118308402
626988188
116464965
-1
151797097
59665938
916754865
27227721
905861299
-1
47976412
-1
181169856
952927208
113792625
286407642
148079514
703269574
155338682
606021077
-1
45688629
468699601
305616521
590947347
-1
113968323
-1
875724287
-1
35632160
345675201
422613323
638755632
46124370
83167731
830082320
604622841
955132980
143860539
-1
55095863
249261242
876423659
535615883
174191599
844905678
599226570
-1
449097971
192651081
227060345
171556514
310751391
-1
243997483
-1
101872321
205211097
-1
706705196
118643186
406009384
-1
-1
-1
334320229
218540073
176091533
-1
44182028
34250211
-1
230129377
323280587
-1
914696105
422342009
846707567
432711347
-1
281131850
308820303
106117731
121919759
118814467
209375271
94822289
308872072
397709177
616097804
36789223
124607559
-1
646107635
90917715
612286123
569338908
228796319
200873542
-1
109047489
394825758
72875300
750808055
842652875
62711290
-1
187422817
507449483
457425683
668516661
-1
751901605
711089509
23007432
-1
495609587
111604659
243419176
195783799
247704486
311888015
316280897
-1
173367149
-1
102143459
136952521
217013001
-1
96037607
133416684
-1
121532019
-1
142225529
371722397
345550041
88211560
800930547
401868172
501064325
123023252
-1
-1
384123585
159920211
73398922
303915912
-1
159553259
692592446
-1
-1
105322123
-1
-1
-1
176617284
655592462
61377058
75312372
-1
73986075
127549717
-1
826926754
-1
322700153
819584398
324542552
-1
-1
256926298
972479310
281127185
52776635
233309798
619888333
943126034
-1
341868583
27485857
-1
22648849
58945716
132849096
-1
341375285
115082302
725123873
64825629
-1
-1
675773154
735232425
-1
495968022
161463113
712230585
-1
287738366
121857957
96691336
56975165
-1
984844464
41518740
-1
961226147
129449122
-1
995264081
321999850
335375669
847926008
-1
614286193
349944840
287611390
-1
231926904
34272428
-1
103962486
147137941
-1
61679040
227376455
-1
624586910
66577780
38684757
46958008
822719064
166092716
8395129
562470339
-1
187705539
702880254
993993221
-1
484333742
-1
536234452
261613062
-1
-1
-1
214078780
-1
361265682
138773029
-1
62621037
141770507
-1
28624177
-1
11040690
216102068
-1
-1
172778570
-1
-1
339476108
193769046
798001814
223417142
42801415
-1
313572955
-1
407199011
972880251
66353146
216551294
809241105
761102980
-1
25686387
395564596
930393575
74804347
60612485
513249679
-1
323487028
-1
-1
236596280
411579007
151667177
859059159
147127719
57658901
278763336
-1
-1
107308854
-1
95259643
-1
-1
-1
608413257
415627840
563717156
207767903
352948646
338744344
-1
143289442
903967542
995108064
584338450
-1
-1
-1
178501436
910412860
-1
92875579
137070226
-1
-1
305818793
769159993
264412018
-1
-1
-1
120955506
-1
683695679
258651439
-1
149401216
714433809
-1
209478285
93375936
144106313
207192487
264764185
899714176
294967184
24767808
-1
-1
108794604
-1
872589118
-1
21177380
261212405
564415601
119367478
99785393
146386183
-1
26751961
215634681
99864347
-1
295391488
705648475
253286772
934335659
0
842437563
973554155
-1
188163305
358245940
-1
17584608
242137201
15699958
667843190
72531812
-1
802339284
382235021
171175178
0
187539772
280741452
472572278
917638842
170588342
177383598
183760989
91089619
-1
710793363
-1
195932863
733860237
489941060
-1
-1
245782547
942993181
68282282
154928671
104996841
148535327
503524588
360360008
641218027
105433547
668141771
94618316
417898937
107147904
361585432
870375516
487572464
855550519
-1
345745510
583909529
-1
254609918
40801345
163755643
-1
99754050
-1
888008399
299691436
686755709
263440665
162165203
799820167
254128545
206580111
272211832
61954618
735920560
670260159
502279037
357690860
-1
496313396
-1
-1
136147113
-1
130511335
361300286
415896989
-1
247175459
491141104
-1
-1
-1
-1
842161486
176573601
148254218
284213492
-1
233769187
919480411
-1
383214211
88097192
-1
-1
-1
-1
-1
650088979
214572633
812135393
356889029
307980521
0
354964582
915215894
-1
274858601
-1
-1
90112043
394059951
338042122
452539597
353547363
458864715
-1
85528537
207480218
454243198
454965191
98521803
325395674
909521268
109206365
502616260
-1
178154116
591807919
-1
-1
-1
257035885
620229466
-1
49124760
-1
-1
568593862
-1
826587198
205987195
-1
395183098
288988560
360619963
179649303
483839067
-1
180222152
-1
-1
263746322
800888751
140028197
566215203
198896029
185786603
161846577
74277449
-1
95904347
-1
208465979
181859616
-1
129890201
-1
885877234
144607514
43239769
199792605
155637411
356488892
-1
188252932
0
370805959
720603068
-1
561113013
-1
647493564
246827057
58858418
514173558
-1
149446322
-1
548318457
92941839
-1
141200683
-1
406644888
-1
686225799
85447654
-1
798355798
-1
-1
469630981
218569282
200907253
-1
763776782
-1
292953119
228792128
148869171
711351403
727192844
-1
-1
207743354
814045583
402611060
187246108
76643160
76414839
224927980
-1
185879731
212683947
129496077
208211768
719238009
728370793
-1
66220872
745703002
-1
72238174
-1
499635979
870864834
836234818
520477289
100064880
317979176
151724116
117608948
895435322
892314910
-1
-1
-1
-1
-1
249012423
-1
353311198
143004118
984327066
520295184
123985213
312460705
82639380
267755117
82680533
248224068
3890621
415081298
138612750
128640091
-1
245210141
533667405
61209332
0
753546939
967240370
736441208
773172060
239318680
341454177
975595884
956338754
174419171
70019158
962723811
639303042
135769336
14027087
809453987
-1
169535530
305282948
419179988
-1
-1
-1
-1
-1
176443845
398343386
533850905
383264104
-1
118348870
875042690
-1
-1
686035776
-1
931923154
103473519
761231794
648306335
341050861
455272628
-1
456668887
824786905
879147355
72814066
618323717
-1
711212572
-1
-1
858050632
219464046
96531801
-1
593458083
369977055
136530995
166051682
-1
879390345
263961086
517891615
149618870
74438966
-1
578264610
820641119
574457194
790314548
268349068
677809914
221119975
72173991
905959745
603368015
6629264
77406233
47028420
-1
-1
53673646
173727829
869854221
52668733
41464712
-1
354218381
811228304
-1
155260013
67239287
-1
690144704
36891850
792221242
729849974
42348429
111913474
-1
308538088
40953154
358628266
-1
505747717
-1
505091290
735203930
79540016
139224859
-1
925037500
525240495
952247633
384790383
107917097
870102535
94396013
946670199
861980841
860757938
-1
372750438
49970890
-1
495253387
192345516
226816346
868001241
233276751
-1
-1
483302111
91578840
410097296
226208422
91232272
205680549
425693544
-1
867808944
-1
213459898
-1
-1
377064874
-1
268880203
-1
151984245
126118589
629188581
-1
-1
197510519
333581495
114500260
-1
47599388
-1
376379323
278260192
873600810
974141904
204209601
807148120
587358612
599028222
106107567
145967334
214685215
81707674
-1
-1
228229330
915277889
785477136
114796617
153445236
229742509
40506738
-1
-1
476998540
114914519
562846597
-1
202277992
70285821
212349296
-1
305069111
771513952
238178475
715821857
52762951
-1
239857764
127520046
26984217
90592269
445894153
177988194
394370207
-1
72558975
147278624
167089289
-1
41171819
115617311
544048920
587906648
247944727
963720851
-1
613415725
835594047
335346999
78701413
47989417
-1
28938276
37407015
586157071
298915835
-1
14613587
989007405
226597004
160815555
895534116
946936607
155563147
48984785
460901141
38420581
775954828
102218691
127842954
881349804
16378996
673132288
575218164
106119929
767934425
0
126591417
474998546
396102468
551786786
647810975
268054062
-1
67572060
125876384
163908850
71737580
-1
62043594
-1
205544703
584070158
195649454
-1
830645551
18623370
75014931
216139495
512507750
331702397
93390076
285434139
335406189
101890530
252927735
-1
625001167
91617405
152450929
808648339
226107689
701464273
234575433
175911709
123367656
-1
43482007
-1
174275510
519897887
-1
897011044
493214237
297692348
44762409
798878952
-1
307557715
102892067
-1
560321240
-1
-1
0
665139417
981355963
569047516
87731436
-1
103097578
621564719
370338251
858366245
895190116
92042518
56353822
140774334
-1
65646342
-1
230187016
-1
239813813
175341578
-1
173138388
914497546
401547313
38748750
308848344
138032928
67409867
504562573
53652563
684256398
526255980
75489112
599728302
-1
360114205
476889488
523789456
82921153
461397296
-1
955911288
689793101
91500175
506000938
59074351
104783749
13784050
-1
-1
364690872
136460558
215154980
85990017
565929514
125423208
124237624
802183841
97383247
216686905
-1
569022856
631669396
562783856
-1
86135717
108160925
291027379
-1
-1
0
653083043
579524219
311238273
95630306
119855151
-1
-1
628410834
876666744
-1
915184555
847593787
-1
239327377
-1
126244835
177303290
629492135
241194118
751630069
900613838
604923828
-1
-1
210247574
947222093
-1
207082279
563708090
-1
188461650
998034582
32128055
664404310
-1
709562378
-1
-1
614193467
-1
-1
670213356
-1
638517963
951153185
-1
-1
211734981
188750625
906996941
411296348
411633149
418972921
111948137
47531750
117998690
-1
-1
411579004
132541531
665906845
101776258
228580073
-1
392670097
-1
61897282
83428720
0
-1
997177315
421075803
557408538
65331049
816875545
201418745
-1
111087397
712521675
296117623
-1
-1
871110259
86703405
279471786
131027010
193437639
161791286
617582195
91239680
188181174
21367141
158524801
-1
-1
-1
522774984
425564058
-1
-1
97299788
32493916
619015199
331417745
-1
494286196
80994290
312646608
-1
42897582
147434125
419824124
-1
822532226
32853942
795754755
25625090
170073435
187062694
362611670
260196835
162057858
184877033
-1
663371753
371483984
418018445
697874670
609691046
124368571
-1
208462435
-1
187793518
132479871
103012151
976811376
73332770
96146454
-1
128652087
-1
-1
162903693
-1
845038216
197730814
-1
237303217
772536599
49548893
368501144
666163593
801956785
922544768
-1
402814875
884690350
109794512
149196383
458576240
-1
-1
767924196
-1
-1
742553631
387900032
88987568
403537489
334221960
363706776
651890623
339994140
855102564
-1
80461270
365292165
67941514
800864091
231664021
715825427
102758498
180853191
697730993
994592141
31824801
-1
805211332
0
37988215
440119287
129839888
203357546
-1
-1
303351866
283383985
101876887
700534358
61154844
-1
391440473
-1
502749333
625510438
257141598
561055613
147758244
459125305
120991262
211854665
70544640
195490733
103399199
224125201
756792472
87599742
933455286
-1
491633343
634116989
-1
114390452
851910529
-1
147965817
-1
-1
457417737
-1
185640586
-1
122850007
-1
235826673
81525935
793927076
-1
47567727
383541047
0
0
193660342
108434250
985195742
220845859
125447301
281424721
122804245
646947894
231146218
-1
28031687
85561344
-1
480384212
-1
806221749
235299338
110390403
770967574
183192889
160657566
541195448
65614725
286550721
590405561
405654651
798897034
309078801
111318574
223291483
817767651
617314804
711974265
-1
150959764
22770728
823224800
953170372
764905129
854933454
609123580
263206834
-1
264531468
207122360
-1
741105099
-1
698083866
151407937
-1
-1
319569830
-1
33985326
956608415
103971827
-1
429154532
355777077
120184018
-1
-1
143147126
-1
89654257
977488808
502028701
-1
636515460
242527880
299202219
64301676
119648842
51629333
-1
727693961
166220159
704809061
165514105
546731619
192379176
187940872
692796177
449860151
371220181
105686043
676533606
314724285
157855792
344555944
133154680
75970907
268999887
301080138
458074024
330838503
246383875
444214004
128307720
959628374
-1
118160671
97255628
743277771
35113500
415318566
-1
-1
-1
901103557
471375468
946691416
71144319
-1
926818826
-1
-1
247079233
671885062
553570916
80921083
398234830
231638945
609080055
468049053
659173059
-1
394890781
120348465
-1
563416504
-1
982346226
203014542
292228889
-1
610690555
260225095
594735602
-1
632560855
241536905
335933438
455406519
653170369
250010602
803715229
508128068
-1
262101248
110243128
-1
967978788
949607860
117198826
-1
234415929
123038299
551672574
926116821
939034320
144561830
34534541
-1
515241275
545201199
752157610
472974829
728737751
265009887
675330023
-1
184633438
0
-1
232777891
-1
323433890
97363944
137685385
211219099
251115195
-1
153752844
721971883
597193210
805231852
304724147
180884336
121057723
295498219
158211261
-1
641170526
445777603
217312678
301803362
5593570
977983941
328165805
199333892
356720295
85144807
908904155
-1
415142538
310510030
778455561
502181794
-1
85143912
31213141
-1
-1
925353085
-1
149849666
671899887
957079139
119390066
111828724
505268086
172345619
302419916
469954229
163934750
-1
501387729
880952978
337091460
327431672
45449034
58223805
231707047
176566407
241669365
827577468
90604599
8991835
916362892
-1
-1
-1
877690827
78812203
766409989
-1
780861197
171511382
117904787
94262943
162191895
-1
215792676
425682201
405187715
371908148
442528522
516267513
0
413098300
-1
543630005
-1
204976684
775878710
108199585
0
-1
-1
-1
213510027
87571987
30281534
348894094
78284101
535504517
737702937
52237975
-1
-1
293630454
-1
-1
257156493
660075875
-1
451048882
56285430
141769532
-1
-1
282281693
942528201
631886703
395126989
102677395
213201560
629858619
-1
110272561
158280463
-1
141976619
217968302
-1
-1
332211906
74860752
47926119
255281080
115497957
102234219
-1
191843300
476786399
172310975
294520634
549502657
110721730
456305994
60510871
198223633
702879175
-1
-1
355982465
11128641
46133306
-1
160475496
15980636
485798336
-1
350475535
-1
147256028
954856977
569425863
118461645
91761651
652612846
296793932
127511274
72710727
-1
-1
943616006
121106786
554339279
506470780
773579154
842867930
868724012
-1
-1
144735997
59630662
-1
-1
293719751
-1
910669274
-1
925899410
-1
777125802
49071253
-1
-1
157278602
120603566
370029050
761954283
-1
0
295017715
368864700
-1
651520175
143974132
329828448
107719836
285266493
51085465
246625672
208656493
-1
820759004
131704893
121247806
320663630
-1
-1
572134562
657515623
579352478
412016481
-1
275398042
483693524
-1
415970752
111653630
0
-1
-1
-1
-1
112618886
-1
676517406
752279532
-1
178773409
97841032
248064847
-1
-1
743625992
124390284
53323296
108338513
149974650
593433423
-1
781600599
580594526
-1
198354121
74430205
87693627
-1
140633141
832755493
979923325
447494648
-1
-1
306492678
423509860
515295420
45815277
143584069
41356161
158552277
125606642
307125527
-1
52901758
-1
-1
255006925
396123358
-1
80059138
304857974
-1
-1
497990625
-1
-1
176246681
-1
439843284
471669269
137249447
552702023
-1
621259715
79354359
-1
-1
810320619
662732960
213853033
123669636
353706382
550238856
92763292
201210182
874989364
397938240
234287968
200940545
133800750
891114261
763272210
102355561
-1
234156931
206387808
811705837
902979053
-1
494501636
380483872
564077558
-1
-1
656464248
496153540
554321878
171282418
-1
-1
186444007
52962603
705181986
-1
-1
85347635
210656212
66242857
44241629
909158241
117588765
-1
967517499
-1
0
-1
-1
110612266
289839152
123873857
519009410
502947520
569601209
195132548
446840846
142900591
963913637
-1
-1
791466990
359321468
259019092
-1
795925057
-1
54398259
-1
62079062
731549220
938312438
258062123
386075537
-1
-1
206721982
13427075
241146718
49710339
706315601
158725792
84015568
-1
77880004
138276845
403004486
92437001
959458514
580072561
212923060
962771962
311409163
370310490
-1
118896280
-1
-1
-1
816166239
-1
-1
-1
61671399
740291261
241418582
81525428
539080628
-1
-1
764338043
34205317
417638233
124022229
909817555
234800896
139965957
727096729
902149254
-1
322544405
128782441
850297300
-1
273698944
-1
146345482
662214314
120576802
-1
448898541
260248725
-1
301669908
-1
397809643
36262315
-1
103523182
951429188
110369741
113589536
160379720
145062182
57655486
950649874
951846061
-1
150323543
0
85522373
45734470
-1
944581022
-1
537981897
-1
62884188
115849331
-1
-1
-1
-1
441332737
337626444
231906624
122918737
360690591
87220016
394342166
23556771
-1
-1
75995738
12061804
187736474
190739124
116910445
-1
-1
-1
530987357
0
-1
0
795768589
529010540
69630227
-1
155546581
399201734
152462385
354597424
55502411
-1
0
715465191
442848200
46482425
885772783
949153115
-1
180797013
-1
31965205
190220931
117356995
231755914
69334232
710922972
343137623
83056584
-1
123176408
-1
87609338
-1
137212844
164585567
115629493
149578627
-1
177338831
-1
184735954
231765775
0
392073121
176140364
-1
837865282
-1
-1
-1
668435266
581548087
471509281
-1
298827145
652676439
-1
177586667
75500760
95806465
986221980
248863276
84077060
-1
270831962
792276938
103120421
220484629
699032133
156996583
111110165
-1
354019851
248091476
-1
-1
239909720
-1
128029000
135301305
948673185
117160183
715557826
-1
607891283
228971098
935059026
105287849
29440178
-1
838676728
142557683
-1
115238780
189474966
-1
833736963
64187610
134608878
778523943
282494055
429999931
668425813
543970272
-1
345101123
708526793
-1
287122342
774915558
983969721
247069497
183500191
116469772
649636657
775352379
212118034
6982204
866166257
-1
21992016
91987920
112878835
27955559
95194293
904743959
-1
79907215
-1
122271870
-1
-1
-1
66397851
503531330
914250355
-1
499470302
254751139
168997260
979040748
-1
225296240
66260290
156493821
-1
741317637
-1
277059815
335593551
123298999
639264612
415080190
839621457
-1
146905868
337084786
306305163
420460249
162856857
98371441
-1
405392821
-1
647394223
41096156
356068187
334238338
318757452
248354629
368745856
508858117
-1
16621596
150447686
-1
-1
-1
161308235
84297192
-1
-1
654372013
-1
-1
944195191
251628119
121428655
131391504
147359970
-1
219927184
-1
836397471
141024274
202415160
934824620
-1
702018815
258500422
57021581
131929958
189871801
768277162
-1
400119711
511621401
-1
211376428
239648710
305036998
251287709
725146188
476244138
63200694
-1
255257443
692058280
203413445
34786756
-1
355520777
85861093
124375839
135361835
140719207
-1
-1
-1
735926058
-1
0
967120749
389358144
705729651
126521373
-1
-1
96821595
266741055
-1
838799916
88476680
-1
480648510
292199134
902512553
537287968
-1
164835065
-1
-1
186265362
198436168
251003295
-1
616085586
36686385
915508959
192565713
399381749
632654189
411429146
-1
593114414
890459172
161539063
298474556
472485191
202281940
400258454
154764573
351612243
-1
889735592
-1
421645997
818921635
500371615
715054468
-1
-1
-1
-1
-1
223673576
-1
894524112
639282719
62003528
22251670
-1
463600782
78325543
166702270
-1
-1
165081558
995818643
51315472
110668310
354388286
100021604
128384993
392602214
289068563
137907086
318414122
516066833
128839469
155586007
762985188
98181698
546593987
238576493
30344309
80483158
122885050
146752791
203757442
105293813
975775267
-1
-1
-1
79750111
936086229
148877041
126676197
-1
985173327
676743377
185648261
932183967
440805386
73214526
287267660
134534112
-1
268766325
394037588
668926594
803020035
267514005
2667505
329252002
67506213
970622310
361972788
982742635
123237972
-1
-1
238885259
958833377
632245517
175294286
244642278
-1
86470388
65835478
767133449
62360477
-1
92621463
108116041
-1
41638710
718690599
587584196
-1
64660269
433651983
952680843
58646017
93348348
-1
369269474
-1
193636544
743281213
509054925
564486014
116469338
587060850
325460581
-1
145273348
-1
250716114
322682481
-1
938898586
184658098
262701477
975354273
294069684
729756640
340536258
578461470
-1
-1
249980305
-1
144329848
127734172
562380919
77905366
114308877
56803892
-1
827387156
-1
217596371
100661962
65555434
-1
265789401
527267042
39353045
792959235
195389105
209409181
-1
423596538
52232630
-1
179763251
398027330
-1
-1
591783259
457556691
-1
606547953
-1
-1
-1
120628380
-1
802504195
-1
0
-1
70026892
825079441
185116356
232842824
451730128
-1
442572052
-1
59443501
669546558
464715318
481398479
105290448
54788459
307991159
959928461
296780174
916925082
123768697
626636065
-1
123200571
106688265
-1
985191172
82037129
244696423
-1
217401895
848668444
-1
950802543
804565054
72746684
-1
65499565
-1
74793446
-1
-1
-1
208815209
74621692
79402273
-1
148808461
-1
-1
517130312
809223248
166543518
931269265
252777846
333907125
585961729
813586349
-1
725227850
-1
95371871
-1
399053568
141970273
314353074
32991443
47988557
248156241
814813716
658254632
488178908
460097398
317812138
3640402
-1
353254145
617059925
191655008
155393707
-1
786238857
894202653
-1
-1
59042969
180323449
-1
341038957
-1
120727582
778430901
220378960
-1
145346683
933821470
139461938
-1
-1
119549451
75403454
297875232
909073644
507253498
497488409
-1
-1
81103192
-1
819222096
300571162
802566232
647867963
315327021
457422905
-1
-1
219972416
325578897
961877299
314649565
584654744
756482057
-1
-1
533617399
613729865
276677156
-1
256324388
218602876
392329533
87643036
10973185
76821557
213330644
-1
369737426
874108275
943123451
-1
806529727
332536922
206193390
-1
-1
125775674
270922161
92447657
387856773
-1
797084597
200306924
-1
-1
153320272
70298668
-1
131853636
-1
596015235
-1
-1
289256865
5995448
176239372
-1
569855605
116571220
-1
225916864
126071143
220118984
60478962
809634605
-1
-1
236385710
397883586
515113052
631886934
415946889
887187014
245856267
643319010
673329953
-1
986978411
789140175
697845452
-1
112729723
-1
155994514
678682081
48452388
312412791
198930440
966330185
617989985
546797109
65168197
-1
184877296
98044585
225568264
190568331
483157257
-1
-1
-1
195715010
-1
53731116
68470430
73626013
124123259
542309526
425933968
733610465
-1
731500138
-1
187089249
304296003
-1
852098479
116248762
111965839
-1
-1
-1
-1
438267593
-1
451672275
118194654
-1
-1
-1
-1
733553766
795146654
452279280
753890108
763804773
-1
150463742
234263741
82030749
166396303
120245640
315812500
360528389
83429471
89368146
98893134
489622005
875610023
473557617
-1
169749833
860038598
-1
210806845
-1
-1
-1
182127749
487925239
0
-1
128047588
270805150
497200027
865351616
-1
845207904
668603272
-1
836215798
-1
-1
-1
432343721
-1
128111878
550561477
310044580
-1
151772437
182997737
-1
-1
888147847
-1
-1
909807141
85103014
0
40870930
166126881
593017994
-1
-1
967769017
847611992
285223751
228995219
510806541
-1
-1
220866494
200629832
-1
133743447
232831870
671483592
463397366
988813040
677386390
337285287
97472951
890483832
735597235
232332631
-1
-1
-1
76100770
926704515
119650816
-1
-1
-1
228914454
270625038
-1
519547223
-1
349449297
127443890
98928837
-1
162402593
-1
966618702
-1
273485896
-1
-1
97135822
653683331
-1
-1
540435325
144609720
-1
-1
885434904
821805559
343130809
-1
984162851
169551423
817314618
100896880
500123388
-1
54183027
-1
99335890
263130789
774040573
-1
853655830
-1
-1
991922983
120682525
545120272
399661162
69560102
517090408
925418627
73082016
251968153
621471385
-1
864906643
920066253
233338761
142920816
-1
626550457
898227904
-1
-1
563313260
96068203
541598194
-1
459030111
-1
-1
-1
51446809
179962544
316602833
47054931
46831577
225102031
588109130
-1
-1
543225343
404995941
665347864
-1
392085450
189488135
751136075
290892834
702119613
164334084
260873893
719088654
92830184
-1
862313730
244291965
441300174
-1
90889973
163070607
697273630
-1
0
293172341
222672364
245645687
686385172
516604316
108571936
723698181
-1
203258105
140741781
423043522
94163498
867553089
147424966
110047571
135151480
534690918
723025894
652563685
516710168
-1
797465115
623092862
-1
641622763
-1
120992292
-1
172102745
599171818
448319433
110276407
-1
971461297
852910147
826422856
606086603
-1
118198988
955522285
151466766
920554201
241854332
827072053
272167025
483384055
229161594
-1
813115924
837254082
129331222
354662188
-1
166446208
176742962
-1
940328188
229061814
-1
559547800
217835230
116936400
144420962
-1
342131674
172962025
294275545
168295586
-1
0
784623028
630536638
-1
62451428
297017383
-1
-1
313294354
-1
668993604
36268829
170210833
411140057
145088028
452891315
270696260
217089130
325526266
-1
35584229
787887408
678319394
-1
814699812
-1
699827364
15034173
124795343
741809273
342669529
-1
-1
-1
185595244
476275839
614168822
941114066
-1
-1
621185812
330282593
120237072
948076895
0
87239423
255589315
-1
-1
154221614
516890081
-1
790250382
-1
96808534
672275076
363159080
54851107
307768761
318616583
896981145
-1
95118091
219242846
447241776
-1
348390432
7928529
898074509
102225838
134228288
942634598
-1
-1
3047331
530948919
92439623
558628389
132605457
972474160
400087667
177210526
-1
841010374
848433011
314790956
555204829
167952262
-1
-1
461685273
675414882
748179546
481333056
797328327
482764952
567659173
950517758
452437618
-1
219589604
-1
-1
679262163
-1
-1
97270490
18533149
328272425
297259828
111650298
133018210
771774369
436291482
-1
-1
87847738
-1
-1
216797983
91182930
-1
420289970
-1
788966389
92312439
960229200
268775461
0
573465230
603365194
44919666
751198902
248668367
630489519
62187274
216712712
425282534
-1
-1
-1
-1
83441928
268551423
-1
229265672
402615505
93226101
-1
183123188
13402711
682332215
181134141
10763345
119178588
647048743
895105967
602429440
0
116120118
920201408
243110546
-1
770400171
196202923
-1
-1
-1
76043961
-1
842622358
-1
-1
476596212
-1
71738323
195539440
742529927
563742408
148760973
154065077
552044195
-1
240182075
723380375
395063579
943456519
701812401
61805763
181231034
53083379
-1
995434153
-1
377772010
354103367
986997711
45603698
805994203
-1
572568379
-1
-1
-1
-1
514803922
66009901
-1
933509108
32872014
284986452
-1
-1
376570152
339874951
793639438
371953635
-1
635590495
809974970
429397105
0
46691291
-1
485935103
618754884
-1
-1
637729394
566550158
-1
215127909
389261362
744141638
961667090
613247032
-1
473148882
824357772
1429070
813985022
976970623
-1
215709449
940409570
-1
425388958
67915525
270730043
-1
296900053
35104608
141421780
202150620
-1
-1
-1
513029904
192558927
0
-1
214703346
443742872
118919617
250554347
194409027
-1
147470370
441686868
140451725
111478026
-1
548086828
435074629
245668516
-1
147159889
944776920
-1
-1
-1
-1
-1
293215271
351022945
72012265
74063688
0
411903009
309664625
261501093
46412272
740471495
193956113
357250924
0
-1
90246534
-1
447512212
0
317754776
892524042
-1
78203345
187006815
475959905
-1
53243274
114204209
872901170
-1
122076515
-1
208650459
189904796
139799192
96897074
235207885
-1
162292951
991389310
-1
-1
437648960
46507085
248042945
901735611
99585047
792748278
-1
-1
-1
911730167
223340616
355765142
838263345
-1
723059986
-1
220473025
-1
311243483
9902626
72805368
292146103
407958203
135996968
134375161
412708560
125681053
-1
940111529
524328023
720654
876943448
-1
926514623
371367211
-1
-1
-1
106302186
174923682
291072381
-1
-1
440113220
106747725
579871464
856584549
296846282
61766584
-1
-1
930017923
-1
234506612
111965440
417809507
-1
242155453
3939752
365722539
546011006
955839670
204561003
963189342
918806693
628838484
333466465
474786329
-1
707383220
133400890
-1
736581166
185259720
349340983
148908472
12398163
421340991
-1
428097811
-1
265674763
100876154
418534531
261962938
790195418
-1
57196051
598804316
678759043
58139208
468842371
264562867
725127565
150227971
-1
931004197
166839428
730943133
13667748
399128075
50803206
-1
-1
212604165
160186450
825710384
-1
686091147
363576433
-1
617978861
227085805
96872782
-1
908835048
145015999
-1
7265280
142900910
-1
-1
633548005
847669338
119628021
1925718
12470342
-1
99851914
914611554
29557906
0
250992269
125005848
820515947
-1
693635701
937627016
258411543
429104557
-1
518218576
896933614
181253350
-1
283329840
-1
122458437
-1
155619866
-1
638424418
391954927
-1
-1
-1
-1
-1
913419094
493524182
366320407
319450573
130528060
0
133754557
-1
852292364
406069301
-1
84616523
-1
302985634
743775008
117567777
357776004
296755514
86216835
665870241
111366303
460644808
203021055
828188157
836727439
263952517
259747827
310690863
-1
36258113
156562526
-1
-1
106434830
338314798
705823405
-1
431799765
177290441
30409659
88898968
768133967
436478885
627756205
59540319
96039269
70879389
163304707
260219539
179655815
240088055
-1
771596026
244074140
-1
260331224
-1
-1
-1
-1
94285737
-1
-1
-1
66817149
-1
-1
-1
544953302
-1
822681939
-1
403087217
779912734
193145011
57121053
569153026
-1
927689004
782414445
-1
253450456
-1
614090044
155984907
651498659
235633683
-1
626183072
-1
-1
228328397
269023791
110182013
83465064
28302432
755032000
746508039
-1
-1
601358162
-1
-1
726183974
-1
112183702
141563942
-1
849278739
-1
101112347
314366591
227485494
-1
-1
924988788
89988384
14349910
903336640
214505979
307907093
91761825
0
357750807
101904247
175320756
300124663
191557248
-1
659302799
834031564
186219870
142867107
890074021
222391198
414114116
729500068
-1
-1
74074338
92789668
500892596
-1
-1
-1
-1
539908060
779883331
-1
154568103
860010655
692034514
129810330
216812764
-1
135093336
-1
688260668
108433225
938930806
-1
-1
409045654
-1
61727730
-1
-1
79158019
888950747
906024848
414507616
-1
258069919
383619479
188993089
191709860
50729471
439833358
184549140
170165754
938476832
137686697
-1
93440525
500761219
664420095
211821368
186984089
582165042
-1
913196149
-1
129130061
894365714
-1
55849790
207272627
100172934
85711625
258609533
-1
-1
915304019
912377428
593739532
54242921
238842334
145979794
93892795
328636129
714714849
284528544
740766389
216155172
984046859
-1
-1
133524015
158919967
362964015
926009162
-1
493819988
193642765
245665957
503556048
204922800
73071864
275683320
789143476
340827875
190852866
331672952
218560001
-1
-1
371183077
235142845
-1
97058657
-1
-1
342099042
-1
988807643
219831482
935298405
486238819
170137262
141926340
54670922
-1
199305014
-1
-1
893683321
-1
315982618
24132694
845000040
118342308
602961227
-1
464622427
-1
-1
193744709
411483291
-1
317595570
141439040
189800049
232704400
-1
96411962
195937019
-1
912187286
-1
152394227
133276313
248712151
841735021
365646004
-1
437211184
134668374
-1
73487631
619311548
202406939
656329259
-1
-1
795856509
160111582
168694638
-1
733819015
490116427
-1
-1
207431256
83271274
355144247
41110197
704892955
176982158
218115862
-1
-1
770234038
617730951
269909422
24122360
621487009
105138351
-1
362986776
518233889
385287320
-1
101885791
887547528
-1
134501784
-1
-1
257363608
856539466
975993799
822315483
-1
861578546
37655477
105283246
-1
313944272
325330651
160544147
74734548
-1
215408040
180321756
-1
-1
304042873
-1
-1
527443821
205481575
616170948
307888984
719990605
379984878
285610259
179320090
485309773
-1
118664077
259158117
-1
179826610
926915800
-1
-1
-1
529402577
-1
976531219
215846623
657701613
142842014
157197999
-1
840763499
170390038
77904767
795881169
151566936
234365146
-1
925574105
196513758
-1
300816200
-1
244046664
273073342
139134761
321600361
138120079
475194991
950331818
-1
87085363
656248891
49860790
160308640
254913359
927823900
163100621
92027941
15583810
70203488
954855222
198166399
791519612
181553897
553651790
-1
-1
116941295
564250141
180438529
-1
735562513
203283564
660949796
132486887
-1
-1
462468147
450599689
104873570
0
-1
931722255
780543909
693864908
957473089
519719159
199844821
-1
-1
759511250
595132104
180828678
489841968
865221267
140557445
983644320
93851946
952436136
28281464
196049040
-1
494229795
803581416
447304769
747183177
-1
705700038
472534036
238052944
299031890
106399960
178693561
281609835
-1
-1
687598669
-1
229382402
234738868
-1
161434918
527360376
436498875
131079628
46377960
-1
167636724
133514837
47222160
800925341
829158827
725898324
69524676
-1
-1
-1
92980434
234379362
-1
858266168
367439284
217715235
60597344
212931582
949631771
60208610
686504302
454524876
120210555
210712110
122088997
305249626
643469660
834183579
60947572
286779695
157467920
188825938
-1
220831197
553802805
78483797
567206258
76151995
-1
87349539
514524015
862299545
-1
140514485
984187511
285475542
-1
150847246
354972309
195779670
-1
174240374
-1
-1
-1
994312213
66771332
159228750
378535870
466366045
187280980
107969084
-1
-1
69551855
511662726
-1
-1
-1
-1
-1
161143372
595443589
-1
848717358
967943638
373235279
961987014
-1
365411849
-1
124104769
-1
309524252
125974258
-1
81406420
-1
69054712
247012304
159613345
121605133
-1
786438080
948617802
118558574
62306357
253672593
0
-1
60514425
122433777
153271648
98452427
-1
-1
-1
195708310
889864250
-1
112933568
482269819
122114444
85923539
891245810
174404711
86215005
62890043
191677117
-1
291235411
437229963
483406821
-1
641193122
-1
-1
680607507
190108030
-1
121964892
-1
12195617
-1
202435287
114141303
542425108
-1
802293835
-1
584051055
455214195
81176131
-1
116175615
235800960
187604940
47967372
904767561
724112742
259594511
-1
-1
920685791
983274619
695364884
220607749
801911491
256520389
248735025
73012765
337762934
720221432
751621221
606088311
116872878
-1
-1
215490092
-1
164311860
-1
619004841
228887217
412950517
167860800
325337116
167400633
218480529
469559040
-1
-1
193368930
-1
78606751
-1
742289730
116234467
-1
877389029
181406469
-1
-1
263725333
208925725
741263492
-1
-1
-1
96659371
94888265
241768697
171586896
-1
947732331
62154691
237351815
581253718
574815777
124597149
-1
173930321
74553052
-1
458675329
-1
14279021
513575584
332354158
337142188
114514477
-1
722750795
22857450
303500191
-1
-1
14592673
-1
540673147
-1
-1
-1
-1
181204934
738759658
335252693
442967403
352935516
-1
729661979
247062696
-1
109127668
707089571
410098391
-1
-1
-1
-1
168629956
91869732
712698754
182901608
222579254
69267025
518301666
121932449
-1
65327845
452965095
275186095
113450820
44295774
-1
218473670
292365286
-1
774821989
-1
507314890
491306188
724921133
-1
226695365
150412425
-1
276645079
129555841
241312617
-1
502780545
208234891
-1
89010134
251927860
79517893
76618500
471251413
58465355
123857846
764135859
12018984
-1
-1
333216750
193282530
279466564
499014971
-1
217039528
860326570
741770183
179618359
174873079
-1
567044768
-1
295867505
268535939
550646336
-1
779805829
345108481
74143039
200443379
-1
237053254
-1
774391949
-1
206950110
184375080
417754518
307816933
-1
172050886
681503196
295955751
-1
164821422
-1
182891450
595474096
182355957
368643728
379573809
147277888
256824066
115517673
956281442
118124573
-1
99618750
739186481
638728224
911826389
110257807
-1
-1
779719669
539479304
119372563
-1
378764120
146591566
-1
314442991
583762567
345657140
219100132
-1
668292060
275043879
206432296
-1
166156542
271008379
167367026
449844577
14109404
71563585
-1
604704725
131490002
581121224
-1
246867869
-1
319108777
220190237
-1
859802063
451366376
89414434
139938813
378715038
295949514
370358315
559611534
-1
125126289
-1
174123481
207693408
55256298
654333133
-1
141236670
63020326
-1
384006597
-1
-1
334873453
-1
98393569
666115088
832183509
-1
-1
836257946
-1
340441594
717718506
106783482
-1
-1
-1
-1
166648125
254701578
-1
139115661
68921504
327985598
988324204
581974372
-1
367800270
540289131
27827408
-1
935493744
985451555
-1
175402807
84921650
157918117
-1
410642310
46129425
-1
72600712
304850488
66534394
-1
225961446
206892264
-1
789306169
507231871
97189581
772254666
511915810
-1
168792436
-1
237235453
456864359
601887909
299777569
207439331
52257309
818706017
380082333
-1
140255580
852058868
29955629
-1
252286443
-1
-1
98917103
-1
115586302
123583886
78440820
133287974
767728699
102880954
-1
-1
161078061
222759869
137099813
121158444
742186214
643275710
588526463
-1
951852865
114529394
60363391
310625056
215383544
713015227
366740489
546663218
-1
127692142
-1
260790328
-1
-1
-1
175077329
29611108
89851763
878440383
103918788
627688009
-1
107787706
94924997
-1
-1
989213874
821054272
645933130
279211365
580654100
734987787
517000523
115703782
427620905
644255322
452486292
349263724
-1
984819216
478344701
696116864
676375606
302790909
192104159
212800016
110752520
192840549
-1
833394582
120858914
304335999
338719684
199989135
-1
106955935
421565535
464963516
53559002
356907628
522192442
82650788
-1
239018713
808174067
-1
532354001
-1
186931157
492358482
182628869
959954279
189850350
879606306
-1
150422609
87931081
12406470
126052252
157560782
-1
487490780
-1
718417278
147222127
525397802
-1
-1
-1
116973242
427666105
115041481
803326393
52175452
258650858
95097170
199280354
637888113
-1
-1
828240069
93368309
-1
190861558
-1
-1
-1
130967163
603442536
280660542
-1
-1
-1
16478749
-1
31360054
981687502
664295027
157433909
700899400
909804449
596510368
470574864
-1
112617902
453882485
172521380
47157116
509616970
66021323
755032757
-1
113224039
-1
76263885
901406790
538837561
96296176
194770007
211336802
747941739
498371582
119010639
657269688
490141087
342719289
216030847
459071160
-1
375087214
469601249
-1
184377605
137808291
765611971
591689925
447578503
103681178
408214791
468324316
-1
289418689
135002200
129431054
-1
-1
129212799
404418655
-1
39130950
-1
168734590
-1
-1
-1
-1
18137246
106495435
170273544
230725743
132361127
529627280
335781055
175816346
813085276
873090008
-1
115611130
2516875
-1
982592375
176199468
131231105
947202422
143456901
247646530
603287796
921756681
529585460
-1
-1
437474180
-1
100288430
736987794
264204284
836674992
214220001
373033415
111315064
27229385
-1
76526528
-1
-1
94104279
354304471
-1
288092023
308610532
457223199
878869166
-1
109121005
-1
255420443
-1
-1
-1
-1
86590540
325912470
270046732
195904740
243194935
126648529
639830653
553907267
124001299
606757766
-1
116885338
-1
-1
-1
38744193
-1
116208106
904687608
51356873
278118623
355718463
16944987
322834426
258648308
84459302
510954603
-1
579482682
-1
630865924
21666942
57956541
-1
758588685
242002853
-1
809925882
137554159
330375126
-1
-1
993079879
707691172
978086110
194619523
112737706
578561577
-1
466191474
443836206
721996178
-1
545714585
655658276
-1
-1
684652349
46443797
763597065
-1
-1
655272538
44750599
858635282
86622235
158693622
614427248
-1
-1
898586487
397795976
155392827
-1
92517550
110772908
97140134
955215560
-1
-1
670151402
-1
186284207
688178355
373058075
856341148
-1
-1
325857287
158679585
-1
211828150
647909456
-1
-1
-1
213484277
-1
612262691
-1
-1
-1
208397015
-1
97264909
39617076
532371565
-1
-1
604034813
457407381
179137323
251084060
98743108
918268573
601010273
-1
0
285250890
112019905
500256062
-1
52045401
646892007
994792405
-1
62791268
185628736
416077771
657277311
770029068
-1
29022053
-1
-1
853957400
523923418
252929021
241847803
332186457
-1
381193730
284868078
609893786
742589938
793616618
92216028
-1
264500747
191999720
101644975
993229223
780797043
199260513
-1
691607873
203238831
843143933
232574638
120347451
185583145
-1
378171892
49851212
802472898
172496498
99372885
636906920
157743676
-1
144168706
-1
507538487
-1
92553414
-1
-1
-1
124419188
935066287
-1
491653811
185131345
27850665
949867326
-1
138018973
89772423
195514780
96692665
594171135
-1
919993625
47986231
64994857
220574107
-1
85936055
245897694
38272446
-1
342169374
855550931
-1
246223998
-1
239094563
-1
88316140
577844295
68830439
-1
508007750
403334906
260907768
-1
504599973
73083649
514267460
206525368
-1
-1
476943610
-1
-1
-1
932850765
49693633
649516736
225521192
185740025
-1
77770894
847604788
428730640
-1
50170126
-1
659365230
296261670
431694123
251633626
-1
932554541
387792887
666190742
93154799
-1
650584112
634275387
92255945
326536974
-1
230549764
520305816
-1
-1
333449951
-1
58240156
-1
