755032000
708526793
809426370
342169374
270046732
961877299
671508587
60449962
225296133
279694392
389316255
0
443742872
926781987
850297300
562380919
972731077
273698944
-1
454457727
780802193
543660820
180222152
187280980
370358315
228936535
357776004
328272425
925037500
458576240
972479310
222391198
48759062
125126289
960454653
489941060
239909720
914720183
333466465
225086362
896779725
726136562
366320407
854788268
574779082
66771332
742186214
291830527
190772631
123200571
421075803
795151738
102355561
47567727
546797109
743944549
309232381
620423122
416105845
336897088
647909456
480891431
836215798
742512119
-1
177383598
172910910
116464965
926915800
561175038
50276580
310817996
-1
665139417
44520778
839025998
631941021
424094691
199679826
255561698
458074024
-1
455406519
66630295
915440837
234287968
429505734
445486370
36686385
652917038
567974489
200443379
608510344
561372936
393248395
385515620
174887373
345872935
86853843
712230585
