92877973
96444393
36268173
73431782
152694357
122216690
207616676
116911955
139481670
110989131
170904013
140154311
127786346
123145427
200773125
161154436
76341146
197741323
87994043
102221592
153532204
94752982
141926214
206048229
-1
34436671
130552131
35390670
-1
124180736
-1
181461639
89752076
116885167
44479015
66711623
93553965
123381460
107782856
125044527
121075387
122756217
146814353
101013582
134693764
161014910
154867826
197438854
150745880
98564597
117330906
115762934
95790714
114840606
137130100
124652683
100546587
100867623
160271142
170758892
130979270
72454906
120557603
180012461
74638919
169236341
208876652
190542990
127006851
-1
146116281
116809130
126857478
126179810
74287435
132607469
112369003
116312236
158080372
121569133
120677024
71678114
156833502
118458914
112943843
123557875
153915765
136985872
148929305
72080979
53150966
120620272
0
110053445
85710240
102925393
121393284
119106633
136278739
150873814
