10 36 100
7 4 26246683 1
4 10 96217177 2
6 9 47889191 1
7 7 90361809 1
5 2 52168900 1
1 5 34809548 1
7 7 8972239 1
5 9 28635291 2
7 4 78773884 1
2 4 69890332 2
5 8 27051984 2
5 8 75013671 1
9 7 42470875 2
4 5 80746861 1
1 3 88971435 2
7 2 54220743 2
3 10 94543659 2
6 5 54528030 2
4 10 48154893 2
6 5 2945570 2
1 7 86605565 1
7 7 48531928 1
4 5 28110715 1
4 3 40524906 2
9 7 17505218 2
2 6 85298596 2
7 7 25552214 1
5 4 80401655 1
8 9 77285851 2
8 7 82931822 1
8 1 31769161 1
2 10 2863974 1
4 3 36144487 1
7 8 54651095 2
9 2 86141411 2
9 4 12274816 1
2 10
10 3
6 3
7 4
6 6
5 8
10 9
4 9
8 3
8 10
3 3
7 5
9 9
7 6
6 9
9 5
8 5
10 1
3 6
10 7
3 10
4 4
1 3
2 5
1 2
10 5
7 7
5 10
3 8
5 4
5 6
9 4
8 6
9 2
7 1
9 8
8 4
2 2
10 2
3 4
4 5
10 4
6 7
4 6
4 10
2 4
8 2
2 8
1 9
7 8
2 7
4 8
9 3
3 1
5 1
7 9
10 6
8 1
1 10
5 3
3 9
8 7
6 2
7 10
6 4
1 4
2 1
9 7
1 5
6 8
3 2
9 10
8 8
3 7
10 8
7 3
2 9
1 1
6 1
9 1
10 10
7 2
5 9
1 8
1 7
1 6
2 3
4 2
5 2
6 5
4 7
3 5
4 3
8 9
2 6
6 10
5 7
9 6
4 1
5 5
