41683557
56877097
111051793
139051120
112979823
-1
201161289
211470744
-1
245084835
0
29956610
-1
80284698
112486929
116876699
166398791
0
163849629
154377411
153233523
-1
0
26247420
18760554
167055676
185238688
115573368
327044112
69195953
0
-1
111355312
-1
167801887
193705728
121977020
83256338
218945197
0
136550545
83460507
0
171315987
200432228
-1
79184269
122475245
106027165
295812124
78132360
-1
37443476
-1
134148206
-1
0
145089075
-1
273099312
99152563
28982292
-1
13142202
-1
96602709
74851289
181128328
-1
108642654
-1
-1
141644665
114645324
138946598
224612946
131222398
227283173
139760928
0
128010237
5655336
43290976
280216314
84341380
144555660
103161451
0
136294469
50777842
199033875
87956507
306287611
0
264560782
58955064
172537423
-1
208294935
-1
