100 900 10000
37 3 75267513 2
54 100 25427354 2
1 87 66674188 1
100 99 52856124 2
74 75 98094348 1
5 33 52151068 1
77 18 70317663 1
59 8 60286416 2
27 24 19030870 2
43 68 32705197 1
94 58 13286605 1
61 71 6466708 2
10 97 24861006 1
16 73 60801665 1
96 66 75904371 2
14 20 87055363 1
57 43 22800020 1
87 21 77983753 2
70 11 75382289 2
26 100 84163797 2
37 29 98832910 2
17 19 54291455 2
57 48 20238796 2
33 11 85898271 1
45 55 1107938 2
46 20 63599240 1
73 9 88155899 1
39 23 73273015 2
71 57 76748287 2
30 62 52982190 2
46 43 76123265 1
31 66 50537699 1
61 36 46311388 2
41 39 23027231 2
28 1 65128581 1
38 19 40142874 2
40 47 30513311 1
55 39 44961772 1
62 51 10915446 2
96 47 18841743 1
100 54 34283207 2
79 16 80669500 2
34 57 92731506 2
5 16 34183090 2
65 30 40066067 1
38 72 85586874 2
82 88 12901979 1
36 53 18468876 1
66 5 15417455 1
8 74 59781494 1
95 67 11106270 2
71 99 2785361 2
65 30 91663005 1
17 95 17567649 2
57 54 80981869 2
44 76 50658808 1
68 10 27756974 2
61 30 59332702 2
3 82 82474792 2
32 55 79462598 2
40 75 90073049 2
99 31 73816893 1
30 38 54595699 1
47 76 91362066 1
80 8 61108590 1
80 43 24978688 1
23 87 88087861 1
100 56 58383199 1
14 78 15801238 2
96 48 30382819 1
80 3 19984430 2
25 74 43108162 1
64 56 59304325 2
19 25 72017016 1
81 24 43865034 1
96 42 50587582 2
44 58 62998350 2
77 39 30230046 1
88 13 40243149 1
18 45 53885006 2
4 20 15313932 2
77 92 15296467 1
24 35 60814988 2
83 62 46730747 1
29 27 97058126 2
1 83 86624389 2
20 5 40648021 1
7 77 62924411 2
82 54 64490521 2
11 48 18813859 2
97 7 85963686 1
65 66 53968661 2
5 53 92402373 2
16 68 58312580 2
63 82 38585519 2
67 66 97973375 1
12 41 84591298 2
79 86 88240566 1
69 81 32026462 1
7 76 36167309 2
48 29 80564473 2
22 46 81128268 1
29 52 66083881 1
74 17 824062 2
49 97 3071536 2
79 9 62258460 1
25 19 81807995 2
68 52 77429967 1
47 98 17868246 2
15 78 13348852 2
74 71 8508866 1
16 93 81422457 2
89 59 46226067 1
38 69 94896417 2
60 95 7008055 1
43 28 76210683 2
49 88 49161486 2
60 39 45195213 2
59 19 87206832 2
94 38 70786422 1
57 82 73124131 2
89 83 57981654 1
23 28 61078831 2
7 98 59293554 2
62 96 14977324 1
4 93 55054881 1
43 89 24165061 2
35 92 6787983 2
95 70 23273717 1
63 93 17642643 1
52 55 4540574 1
41 85 25454210 1
22 32 86099815 1
28 4 41088034 1
90 16 59759542 2
23 92 65214193 1
62 63 24342782 2
31 29 30677798 2
77 86 8954326 1
75 69 68703738 1
78 54 45187977 1
70 45 70442648 1
61 28 3366961 2
42 81 50706685 2
87 78 94404329 2
12 11 54831832 2
85 91 6351399 1
72 79 74003849 1
1 57 7293041 1
40 99 43032243 2
78 30 8875225 1
93 31 70487045 1
71 38 48180467 2
79 81 53503726 1
12 89 48035901 2
44 38 74035191 2
67 30 51934487 1
85 62 15462778 2
75 65 87663697 2
86 26 15355404 2
87 31 3270341 2
26 1 11856675 2
31 37 36264390 1
64 66 1571702 2
100 40 80323681 2
81 38 79784106 1
99 1 78956436 2
48 63 89825928 1
42 41 62280363 2
24 2 1388609 2
61 13 68751004 1
38 39 34884460 1
5 7 7302465 1
49 20 64883339 2
3 98 95650516 2
32 53 67588082 1
56 100 55758511 1
13 64 29296093 1
78 91 2518871 1
84 33 9978586 2
25 15 27831447 1
20 46 50611454 2
38 72 13999404 1
99 36 48781139 2
22 5 54645588 2
17 55 16010992 2
54 62 90471844 1
17 57 33398088 1
84 36 24827674 2
2 63 7712409 1
68 16 3293132 1
38 41 81931057 2
27 7 29357663 1
17 56 55430705 2
54 75 73986603 2
94 18 15145536 2
66 95 9688339 2
55 36 85736105 2
77 69 50240498 1
32 30 65491173 2
67 99 78812721 2
76 2 64390451 1
5 76 39739913 2
94 41 86644180 1
76 27 45102172 1
95 27 14680809 1
17 47 44133983 2
50 85 41287451 1
2 19 40890481 2
86 69 33201595 1
91 11 59321674 1
41 64 87562057 2
29 12 96439480 2
23 54 94361902 2
9 31 10923858 2
94 93 13809005 1
44 9 33250757 1
47 54 64933912 2
92 35 30839391 2
35 5 14771436 1
21 82 34806142 2
98 47 962510 2
8 40 53461968 1
78 23 16763390 1
30 80 89757862 2
20 75 15763884 1
65 45 60519427 2
48 99 82282981 1
92 78 18256540 1
92 58 53213801 2
38 90 19755159 2
49 49 9584553 1
67 84 74408999 2
16 54 59545237 1
56 55 56614221 1
57 58 7160628 1
23 51 32052064 2
34 45 22928461 2
71 97 30762420 1
100 25 63339641 1
19 86 1859595 1
71 63 32389137 1
67 63 84789898 1
9 99 6411201 1
37 41 28562153 2
11 26 31501993 2
76 13 77118572 1
93 66 58941787 2
7 21 89232515 1
65 96 53417157 1
54 56 93956189 1
12 88 73883702 1
14 17 45665603 1
39 64 19134326 1
96 51 68788608 1
94 65 42735919 1
70 49 34406124 1
3 51 93028062 1
99 87 18924037 2
59 27 58234653 2
74 37 68757879 1
46 8 26357396 2
27 82 23452113 2
26 52 83648722 1
96 74 9135398 2
4 15 8624473 2
64 78 74063764 2
52 100 68817152 2
62 23 68233493 2
65 68 83512271 1
58 14 59726111 1
14 13 96851741 2
33 33 10450032 2
92 16 89442147 2
36 63 61796262 2
61 85 58554433 2
77 66 37130434 1
94 82 39048617 2
63 32 25281045 1
20 51 36016051 2
65 60 66492626 1
68 38 63784995 2
3 73 45568388 2
46 88 64933615 1
31 59 96689845 1
19 57 39986233 2
24 43 20811890 1
50 67 91936153 1
1 34 49786918 2
30 50 39373398 2
46 48 36237899 2
9 24 73798180 1
12 49 95443320 2
40 98 75188222 2
5 35 33560475 1
35 72 96576350 2
76 4 92589687 2
8 31 26051062 2
4 49 7962405 1
4 1 22460902 2
77 11 91335065 1
35 51 18190770 2
44 4 34147580 1
55 93 76930334 2
82 51 1885197 1
93 25 54952435 2
17 11 26572494 2
54 52 95419030 1
93 84 22744805 2
2 46 93009840 2
11 46 53008827 2
87 81 77066457 1
64 80 79396256 1
98 89 33808578 2
69 50 54594358 1
39 80 32375424 1
52 29 41987325 1
36 54 11137350 1
1 22 46229448 2
90 53 47768323 1
25 86 5154082 1
89 46 33764633 2
25 38 53658333 2
60 13 51092756 2
94 84 57188792 2
5 55 57603394 2
78 39 59263094 2
24 15 57713723 1
41 14 67201270 2
56 56 54377592 1
56 100 15237041 2
7 19 39266501 2
40 56 44605406 1
50 86 34482323 1
34 37 27216363 1
21 2 58325086 2
28 94 14164326 2
14 31 38249090 1
14 71 43296542 2
66 34 17765642 2
1 81 9580811 2
10 70 73168596 2
94 17 31132332 1
22 14 61602220 2
14 92 33152014 1
100 19 56527761 1
55 55 89017307 1
92 67 9068148 2
5 19 84140093 2
85 71 2245764 2
5 90 67028695 2
46 27 38069893 2
20 63 6061671 2
65 45 54966601 1
88 88 65368076 2
42 21 83428153 2
24 39 99489838 1
51 97 25333932 2
39 36 3907516 2
85 86 56729757 2
5 47 19649308 2
80 52 97686191 1
99 83 92942233 2
87 37 26759653 2
11 84 7975022 2
5 93 62745096 2
85 35 87470815 2
67 22 14005254 2
53 13 64749499 1
88 60 48585825 1
2 19 29256299 2
87 65 97670031 2
65 58 30539874 1
49 6 5195410 2
85 63 40545758 1
69 55 23490601 2
65 36 87408294 1
94 58 96452901 1
9 92 14959915 2
2 79 69130106 2
54 2 84269282 2
13 36 53506620 1
29 45 98972011 2
22 29 69009527 2
40 36 14993066 1
8 60 40605942 1
34 70 88836931 1
56 38 7613923 1
10 90 76443350 2
77 7 60775671 2
48 48 3011338 1
70 53 62690615 2
90 41 27580942 2
45 76 25268652 2
39 34 84218319 1
34 38 12793533 2
14 68 88916181 2
39 40 7429908 1
99 60 9277938 2
41 10 42292238 1
35 88 79836743 2
69 25 64019126 2
79 11 23976820 2
75 64 50583205 1
9 27 58798401 1
57 26 14428298 2
100 94 25310675 2
80 36 53889851 1
35 95 9356856 1
56 76 94170355 2
63 25 65562475 1
39 50 60235207 2
71 12 9180577 1
38 25 53243131 1
77 1 70126037 1
34 91 80198252 2
7 100 56820969 2
43 68 27184021 1
1 96 83529248 1
71 7 83828417 2
72 45 44789447 2
66 33 54580279 2
50 85 96073286 2
91 84 45792390 1
74 95 33949429 1
41 89 51922694 1
83 33 88356920 2
41 52 46474156 1
65 20 10526661 2
58 47 1536446 1
21 14 15208087 2
51 62 49910592 1
100 90 54094064 1
94 7 46506487 2
84 79 89896625 2
35 46 57313164 2
17 77 32544272 2
57 33 66383808 2
92 60 8430580 1
3 25 14339879 2
30 95 24985684 1
70 2 98140648 2
92 2 9184725 2
13 58 8147573 2
80 2 78260629 1
31 45 71306441 2
26 48 25645366 1
29 69 42432826 1
83 73 87009240 1
10 43 99998514 2
48 10 42012875 1
37 15 48473305 1
18 81 44705862 1
12 95 65820532 2
51 5 33705770 2
36 15 49919365 2
95 45 3548798 1
81 57 10510226 1
63 48 45702687 1
21 17 80535081 1
44 69 44502366 1
45 49 43016923 2
67 67 56034963 1
29 42 14908053 1
70 65 58876189 1
7 76 95686319 1
73 63 73686041 1
60 41 75015762 1
13 46 68245702 2
76 25 52086027 2
3 43 12230946 1
6 22 66709680 2
56 35 15647913 1
60 1 2454763 1
22 7 2260378 1
70 90 2121427 2
13 76 11547890 1
47 74 50839500 1
66 92 35830472 1
1 12 60877746 1
34 98 49749232 1
17 2 95400034 2
75 8 950018 1
48 72 70459176 2
76 20 23120931 1
82 49 40768672 2
24 58 91807759 1
20 98 26043873 2
87 82 25540907 1
17 45 99779136 2
98 79 25737069 2
40 91 41817238 1
27 89 57108354 1
23 48 71868975 1
78 45 59482772 1
35 78 35651753 2
83 4 92146158 2
72 70 57341753 1
78 71 8097951 1
8 56 99189355 2
97 43 63156927 1
84 21 28826680 1
26 21 32946425 2
52 59 26300923 1
15 7 47582005 1
63 19 66288816 1
84 8 52217148 2
23 45 81810410 1
46 31 82587157 2
80 91 6447688 2
78 23 19867945 2
73 82 38234323 1
74 3 82743480 2
44 86 20268183 1
29 94 91175657 1
6 68 16901676 2
70 67 35564337 2
15 43 57287137 2
45 66 63100963 2
37 29 93544630 1
84 24 73848410 1
17 22 95105088 2
38 26 49985418 2
8 53 82521775 1
78 65 41226066 2
14 67 57564478 2
56 90 55389961 1
73 54 85939379 2
25 95 98357251 1
17 83 94805850 2
26 7 73962440 1
25 98 6712903 2
1 88 44990741 2
100 61 65232168 1
66 32 18988174 1
31 100 61598889 2
85 82 21335215 1
73 21 51660340 2
14 21 6734936 2
1 69 98180041 1
95 41 48626037 2
29 40 84840847 1
59 59 41295871 2
93 68 92365990 2
85 71 2356513 1
91 61 53591864 1
72 36 77553632 2
48 13 82392622 1
44 54 47092486 2
81 80 91179640 2
47 39 64668275 2
34 12 9333939 2
12 62 98014634 1
81 70 16942427 1
54 93 80100744 1
83 18 38346391 1
9 37 69456921 2
76 66 74789812 1
50 24 27887434 2
75 2 49822517 2
55 61 51753058 2
6 48 22589136 2
15 55 27201279 1
89 89 2742379 1
29 26 48335067 2
83 89 58191179 1
53 18 65911110 1
22 58 52657873 1
64 70 86185520 1
55 60 45160966 1
51 26 91502132 1
2 1 43455140 1
76 63 21343851 1
89 85 40345850 2
91 82 8680141 2
57 26 91527529 2
13 84 39520408 2
27 36 7132678 2
31 34 31036801 2
23 78 42779898 2
22 78 24479637 1
3 38 43205649 2
24 23 78486177 1
7 32 95299435 2
81 79 76058110 1
33 50 82504266 1
90 24 44878205 2
50 16 86372619 2
40 70 51760526 2
35 61 74851069 2
52 5 85878384 2
13 34 24788662 1
72 24 47903678 1
100 14 35672094 2
44 95 92869805 1
93 11 88912597 2
33 95 38912694 1
11 77 99227146 1
44 49 58277568 2
29 63 32715781 1
11 10 40141619 1
81 26 50645674 1
77 83 30346586 2
68 36 30312528 1
61 29 43268211 1
2 62 48403161 1
63 86 38534478 1
69 80 32383332 2
92 53 34702031 1
66 28 97485069 2
50 8 38732523 2
89 90 13303801 1
48 97 69866823 2
24 52 60813070 2
61 88 58714113 2
24 43 78138792 1
9 61 50627177 1
34 47 80847811 2
46 43 71127895 1
94 81 56732999 2
59 30 3905577 1
90 4 14019785 1
7 39 29638435 2
74 91 68657617 1
6 55 54282244 2
41 27 12259900 1
85 83 55091426 1
66 78 96060754 1
9 32 89570605 1
43 13 88920178 1
19 11 70831741 1
44 96 73344953 2
97 90 46642863 2
59 48 86478044 2
35 76 35170132 1
69 44 23679192 1
46 71 89376700 2
3 11 13126641 2
39 97 48686000 1
89 2 11910737 2
96 2 38152106 2
81 79 73090802 1
9 30 47866136 2
55 83 89535326 2
82 12 3385602 2
34 14 53485542 2
15 40 59634347 2
1 2 38534147 2
82 83 71112701 1
54 39 29836269 2
93 10 73858416 2
57 79 83187616 2
42 58 20206308 1
100 75 14445399 2
9 100 29510225 1
88 11 86583064 1
87 94 74786635 1
6 28 21093177 1
1 83 84072104 2
26 85 40512024 2
37 97 76350793 2
30 80 84479781 1
87 46 66399867 1
87 45 3657777 1
88 61 81704721 2
5 35 93994067 2
33 93 27004934 2
46 59 40055975 2
47 62 82195117 2
35 48 19481767 1
8 81 18013247 1
1 20 23449460 1
87 66 62510681 1
4 79 14238970 1
31 12 68713888 2
22 87 11470618 2
68 95 39346956 1
64 8 13300675 2
4 73 24661093 1
26 41 94701225 1
10 1 5315259 1
94 20 55331547 1
45 69 14164149 1
17 17 20749395 2
41 90 38542325 2
91 17 25900843 1
3 90 69866872 1
30 51 17036517 1
53 64 11983187 2
31 22 56000908 2
42 27 18225993 2
59 19 82892208 2
29 31 37124721 1
2 88 16017529 1
62 72 34820955 2
86 50 22899242 1
34 85 80138879 2
91 17 70474744 1
46 50 92975400 1
68 7 12039284 2
20 100 98004660 2
88 84 15411263 2
60 60 28309843 2
37 42 11655943 1
79 11 93121680 2
83 30 43131485 1
70 90 45580897 2
8 48 16385516 1
58 63 14836082 1
89 46 15428180 2
41 57 55218662 2
27 92 13131144 1
63 98 763477 1
6 60 85912439 2
13 20 56187166 1
32 90 65815095 2
72 19 12418754 2
50 88 4298929 2
85 63 95083010 1
100 59 28874380 2
78 43 57966573 1
88 83 86498341 2
59 31 34904330 2
11 66 29053103 1
57 8 1291681 1
89 76 85621700 1
5 71 65255991 1
53 99 98845254 2
77 81 95042200 2
82 8 46915292 1
8 43 25228899 1
49 71 91752154 2
53 46 44611129 1
33 17 30634845 1
56 11 88771917 2
29 4 4550578 1
74 100 88032909 1
66 65 97793966 2
21 44 96137752 1
95 53 830190 2
32 6 48774105 2
3 32 96824440 2
86 41 30872446 1
100 31 44745029 2
39 24 96630269 1
26 60 37100079 2
13 31 37169797 2
59 40 14052578 1
63 47 32947972 1
36 7 86279551 1
80 41 40905706 2
18 15 26370697 2
60 82 81518187 2
49 92 54085492 1
60 7 43761004 2
15 20 85432726 2
41 81 48840510 2
5 80 84057193 1
84 33 67671547 1
24 80 5558917 1
51 25 38556827 2
20 54 94232326 2
94 44 34183258 2
59 94 73502290 2
58 24 72335792 1
73 42 27652998 2
84 35 22501547 2
80 35 73661611 2
22 53 57616003 2
25 61 54057480 2
8 94 87858457 1
21 65 68949054 1
42 41 54261568 2
76 37 99270608 2
100 34 47334273 1
97 50 15753876 1
80 14 18451027 1
62 93 38123358 1
92 2 44547534 1
39 26 49659011 1
98 35 86736885 1
59 18 25364288 2
90 74 9041669 2
56 99 48042713 2
89 88 67962243 1
66 62 80056020 1
56 67 71405249 2
60 63 13760583 1
81 38 37364064 2
65 56 5187460 1
92 80 4459763 2
58 37 28423295 1
98 16 82973745 2
10 56 60094771 2
80 41 77142931 1
8 14 14162124 2
71 75 58240830 2
10 51 48892445 1
21 38 28750477 1
88 73 69524806 2
41 73 52222935 1
77 84 81595068 1
2 100 30460635 1
15 74 42973505 2
77 52 77238728 1
78 71 94287280 1
1 38 42302450 2
37 41 94685964 1
84 12 45649146 1
10 73 99195383 1
88 49 80719791 2
22 11 68018908 1
49 43 33228878 1
10 17 71825422 1
44 64 62124495 2
14 99 51801696 1
87 75 37196953 2
16 15 44440855 2
53 83 19537988 1
24 58 62855846 2
93 51 58095755 1
40 76 22412463 1
63 50 64776489 1
97 46 59108649 2
20 16 7450996 2
36 83 73280301 1
58 42 66762801 2
45 37 90807024 1
76 81 37927512 2
78 16 43720634 2
29 10 18825651 1
20 87 76367347 2
37 90 75454882 2
12 71 24039817 1
97 46 50741785 1
66 6 15649208 2
83 4 4294416 2
48 37 15430789 1
74 11 52672729 1
82 20 87603155 2
77 65 33019632 2
27 93 86349741 2
56 92 4237260 1
54 97 67895261 1
64 76 33319992 2
20 20 8840528 2
39 73 27145730 1
8 83 93896580 1
88 66 87907062 1
53 61 57392038 2
26 39 74091949 1
37 96 19203876 2
93 9 63849402 1
48 20 85216233 1
26 9 26108682 1
8 20 52783409 1
51 4 92731880 2
82 37 60126203 2
19 55 62584382 1
79 17 69842501 1
69 47 36658043 1
19 89 52173060 1
85 37 39245389 1
52 37 87620420 1
52 67 23747884 1
67 55 41773901 2
52 64 8602901 1
16 63 71043393 1
77 87 4529707 2
29 91 63076891 1
15 99 36520045 1
51 56 75608135 1
25 91 85138120 2
67 34 36538743 2
68 71 55891022 2
69 98 22407499 1
75 72 64457154 2
11 11 67590730 1
93 23 55192899 1
10 99 81092173 1
66 97 97065717 2
62 50 51644282 2
47 87 70927811 1
1 43 19548781 1
9 90 52070248 2
32 7 68839399 1
70 47 8054311 2
55 85 91959575 2
81 11 16112193 2
72 71 2914774 2
89 12 32354146 1
60 1 17069706 1
90 21 7111855 1
84 26 32216805 2
69 25 1437742 2
16 83 32008315 1
28 60 66918178 1
18 18 99086960 2
7 10 96123096 1
23 56 74479359 2
43 16
60 50
24 80
40 5
92 86
76 50
62 60
60 33
41 89
100 16
11 86
78 62
84 50
77 54
12 23
98 94
36 7
57 35
93 15
67 65
51 49
84 16
15 34
15 53
65 83
13 48
88 5
97 47
32 98
50 55
53 59
73 36
79 61
37 19
36 78
60 65
99 79
10 70
17 31
62 20
71 26
31 35
53 44
50 45
95 10
59 68
44 67
3 32
75 98
72 28
56 7
33 75
41 12
61 80
69 66
80 62
10 58
34 38
68 57
26 82
81 45
54 81
90 27
32 51
2 70
58 58
13 62
53 15
31 48
5 37
10 14
24 84
48 61
17 3
34 12
95 77
31 2
97 67
4 44
69 48
21 51
51 58
18 15
10 21
49 38
27 50
83 79
22 49
38 92
20 47
47 69
41 40
1 71
54 83
70 28
66 95
88 38
60 47
36 94
34 68
76 73
18 80
63 46
44 18
73 83
3 87
37 1
18 11
44 100
45 22
27 82
14 21
2 49
1 46
88 91
36 44
57 73
13 22
25 87
69 32
87 72
94 96
87 20
42 16
72 18
88 59
4 77
48 28
12 84
69 4
41 88
17 83
11 82
36 84
63 70
99 90
29 25
88 13
55 51
89 25
17 58
27 77
72 46
78 20
91 67
51 74
32 30
61 94
74 33
31 9
53 86
19 61
59 90
78 25
13 68
80 97
88 81
89 14
50 31
32 28
60 89
67 34
4 91
57 51
51 48
75 81
25 15
60 68
29 87
21 76
38 50
39 81
61 79
89 71
3 60
73 62
63 18
86 15
47 11
51 82
41 9
7 99
45 49
49 17
14 15
7 68
67 10
88 64
62 30
68 41
22 91
100 24
25 96
27 42
55 78
14 68
45 61
99 28
10 81
74 23
51 19
65 55
19 67
75 37
60 35
10 66
46 88
3 6
9 52
9 25
83 4
100 69
22 77
28 15
88 62
30 47
21 68
12 52
65 41
45 77
94 59
18 1
16 31
99 27
19 10
56 46
10 76
17 66
100 78
69 100
82 80
40 32
71 64
65 91
32 22
17 24
32 66
86 83
68 5
89 3
82 54
98 35
47 77
41 38
98 30
63 54
100 51
76 89
48 29
76 72
18 40
20 56
76 9
70 74
63 93
39 83
50 37
57 32
47 37
55 31
33 88
96 8
55 86
10 72
23 91
8 79
51 83
45 50
69 42
84 55
19 40
46 14
88 51
61 11
27 53
17 32
28 68
55 21
60 94
57 2
28 83
80 58
82 88
54 70
71 63
57 98
74 11
61 44
65 67
54 2
71 16
22 82
34 100
18 16
30 68
9 50
99 83
73 16
79 83
8 100
46 64
44 97
3 58
6 72
72 4
50 48
83 83
75 21
1 95
7 5
58 85
92 62
19 15
20 45
16 17
93 83
52 4
30 48
68 20
60 21
35 3
42 2
11 41
28 66
59 71
71 73
16 83
99 45
2 84
35 36
25 40
46 65
32 21
20 61
91 14
13 69
81 32
40 30
56 47
29 39
89 93
93 89
13 79
66 90
47 5
80 89
83 9
100 5
3 42
63 35
43 55
40 54
13 64
2 99
88 92
30 56
29 68
99 1
65 26
57 6
99 2
29 78
91 1
36 54
56 25
74 31
96 84
46 15
21 36
63 56
20 33
75 67
45 70
31 30
37 16
67 84
90 4
5 93
10 37
14 42
93 21
12 39
75 46
78 90
79 16
23 55
51 31
46 37
94 49
75 38
14 28
62 76
98 59
26 89
45 66
68 53
29 11
5 60
33 82
15 95
80 95
6 23
7 37
65 61
69 53
73 24
43 53
43 63
42 37
77 34
13 89
72 63
68 79
59 14
25 91
73 10
29 1
67 8
30 5
10 1
18 56
25 84
86 87
98 2
67 69
84 79
52 37
36 87
17 12
19 74
92 4
94 63
100 68
38 26
4 65
60 83
70 35
43 95
9 85
29 33
5 18
85 61
9 28
25 53
32 100
46 7
36 17
79 22
24 44
91 75
91 50
25 24
41 35
43 69
79 35
97 53
52 13
94 35
29 34
34 82
6 42
24 50
90 8
30 23
16 13
67 64
70 60
47 74
73 46
10 92
95 14
89 84
43 41
59 93
28 49
69 79
23 38
46 80
21 26
75 89
26 3
90 17
45 25
70 100
53 39
80 8
33 5
20 70
6 71
1 25
31 34
37 35
13 84
74 59
77 84
13 52
5 67
66 36
1 89
46 39
84 47
78 97
67 18
6 33
42 4
29 62
77 46
41 17
98 10
9 36
9 78
83 95
5 15
91 15
76 69
64 91
47 36
88 70
5 72
43 20
34 92
43 4
35 71
20 19
21 33
53 17
32 77
15 91
50 39
33 7
62 18
51 16
37 52
55 42
75 24
53 23
94 25
23 48
91 57
15 56
32 91
36 45
69 5
29 54
88 30
72 36
65 21
37 69
76 25
30 8
17 11
19 93
39 86
33 27
71 61
9 62
49 20
38 1
52 69
8 30
94 4
45 59
64 42
92 53
99 70
79 100
44 4
53 70
18 6
96 47
88 95
52 12
26 80
1 38
80 85
43 30
50 3
17 17
67 75
27 15
10 13
57 85
19 71
34 95
35 29
87 92
57 22
89 83
65 39
14 13
30 33
82 21
24 86
30 67
87 81
41 13
19 84
73 20
90 67
12 72
43 13
70 57
66 23
48 94
62 36
86 38
42 53
98 36
30 60
86 31
16 21
96 44
21 34
13 36
39 28
36 75
32 70
49 34
66 50
89 46
41 22
75 40
48 88
84 98
100 84
68 38
60 100
76 30
35 41
12 24
87 16
91 3
67 94
26 32
10 83
11 81
6 96
61 53
15 71
41 39
43 67
19 49
5 58
49 64
88 94
82 64
15 79
38 14
56 40
16 62
39 21
25 23
36 20
56 33
23 61
65 98
82 93
56 78
80 96
78 47
90 100
1 34
8 70
18 29
59 32
81 28
68 62
23 4
43 83
64 64
1 42
91 80
25 85
72 7
26 95
5 12
73 84
84 20
94 73
86 16
24 96
42 15
37 68
2 28
100 90
48 10
31 36
47 56
29 28
61 39
70 73
21 27
53 25
11 22
61 14
75 22
28 81
27 49
23 5
15 38
52 58
15 60
69 70
1 22
91 8
82 16
45 90
5 78
79 4
96 3
33 58
20 28
44 55
59 89
84 83
57 70
15 93
47 68
15 67
37 65
66 64
6 92
57 9
90 18
83 70
86 74
46 32
49 18
6 80
54 4
91 20
98 23
58 48
8 96
55 79
10 64
38 84
67 48
63 17
27 31
82 31
66 49
34 37
1 6
15 43
42 79
16 45
18 84
28 16
69 25
14 7
14 41
18 26
80 77
72 39
85 4
70 41
33 39
2 80
87 94
64 81
71 56
2 45
98 77
94 32
41 49
66 59
4 21
29 80
70 97
73 93
84 7
97 5
11 26
47 7
43 50
98 52
94 11
8 72
40 8
37 56
1 76
65 27
6 76
71 74
17 7
60 87
56 12
57 12
42 24
46 61
40 20
42 33
31 90
11 99
77 76
51 66
60 54
81 63
65 64
100 74
40 23
33 57
14 72
6 37
36 68
62 54
83 39
8 95
49 1
90 94
93 23
86 68
97 61
29 23
21 7
66 82
76 15
52 34
31 89
64 69
70 64
17 10
91 4
90 28
69 27
22 96
19 97
24 37
92 3
79 46
1 70
91 97
48 51
28 29
62 81
61 17
16 2
55 89
8 60
66 65
8 39
74 88
65 95
9 2
76 51
86 67
71 13
88 24
50 25
66 45
45 75
8 36
30 86
72 33
50 35
24 89
49 67
19 60
9 88
81 94
44 87
100 97
80 29
90 6
7 26
60 24
83 98
70 43
76 61
81 88
10 18
77 30
19 54
19 79
36 16
44 76
67 7
55 25
63 89
88 49
59 10
17 1
51 62
86 92
84 58
94 64
71 83
84 84
31 21
86 52
82 29
6 56
32 86
53 13
4 97
90 77
94 70
66 47
94 18
60 7
85 2
74 14
66 38
55 85
72 6
33 76
97 76
58 26
18 37
23 56
62 61
37 91
69 10
42 68
63 45
34 44
12 4
79 30
95 81
81 24
92 63
16 38
80 67
26 70
47 1
59 77
65 10
8 68
90 81
20 39
29 73
15 81
80 92
87 40
91 73
26 71
60 59
54 91
86 86
92 26
20 21
89 85
54 98
27 8
71 58
19 83
47 8
66 63
5 52
97 6
77 29
52 96
8 44
83 94
22 76
6 66
44 54
15 47
42 98
16 23
14 45
50 20
16 65
18 24
20 86
78 69
55 54
6 90
41 61
46 6
69 86
19 34
12 12
72 16
83 99
79 8
7 64
70 40
26 72
16 79
40 39
55 15
71 8
28 77
29 29
71 1
56 59
8 91
100 96
11 83
6 8
31 99
17 71
15 96
7 39
31 23
85 38
92 91
99 68
76 80
3 2
64 17
1 90
71 71
31 77
42 78
69 76
33 53
98 67
16 1
71 77
76 75
85 55
97 87
23 3
6 62
96 80
9 17
75 83
92 49
13 21
13 57
78 46
69 96
31 4
37 97
83 52
97 34
90 96
50 21
35 19
4 93
95 15
71 43
84 44
8 12
76 99
92 2
75 64
84 59
46 18
80 19
32 76
75 11
1 55
24 48
67 66
17 5
39 69
67 72
50 91
29 17
77 93
31 81
44 30
51 5
47 20
8 11
53 47
8 78
14 20
1 32
83 13
97 93
94 90
22 87
4 54
100 89
68 81
24 72
4 3
89 90
56 44
62 25
13 54
65 54
86 84
43 98
73 29
45 43
3 66
99 30
71 93
40 96
86 46
11 13
45 11
93 4
44 19
54 46
33 68
12 54
57 50
79 75
86 63
10 29
10 34
38 3
55 77
64 62
58 60
20 31
22 39
71 99
35 43
4 2
60 22
25 78
8 61
68 40
55 13
82 83
4 9
18 93
8 58
84 54
60 13
33 81
13 82
32 71
86 48
24 60
84 11
28 76
2 72
53 65
9 93
12 99
38 4
33 20
52 18
9 73
5 100
79 49
7 95
83 21
68 96
20 55
22 14
49 83
90 45
54 56
64 14
7 47
42 11
45 21
5 75
74 40
9 89
61 52
35 59
52 74
63 20
97 81
29 75
50 72
80 75
33 93
79 25
54 84
67 76
39 42
11 36
98 18
76 45
100 12
27 67
86 98
94 68
99 86
78 7
7 86
10 71
99 22
10 10
26 49
54 94
71 79
87 28
10 7
96 12
57 58
30 88
49 93
49 58
4 5
58 59
78 30
55 44
9 7
62 46
89 87
98 34
27 96
96 75
14 31
69 37
11 34
23 75
20 32
4 15
16 63
77 5
75 30
73 54
87 26
32 54
3 14
46 11
91 84
27 29
49 13
34 84
97 10
92 31
23 17
3 50
27 51
90 53
39 92
30 41
86 93
24 28
26 36
58 82
55 88
41 59
67 96
78 84
20 81
72 80
12 20
16 6
9 90
25 92
14 9
18 66
64 85
26 44
76 85
75 29
19 47
10 89
4 86
43 28
22 5
41 42
95 96
84 10
12 95
89 6
78 63
63 15
97 84
89 88
77 94
22 73
43 77
28 95
70 61
46 71
93 53
81 1
52 75
1 44
26 53
15 59
50 32
41 57
45 55
58 56
78 48
53 77
9 91
1 66
37 77
87 70
41 8
73 56
54 14
28 85
33 96
62 82
3 45
37 22
33 64
69 22
57 31
13 37
1 74
97 35
41 45
36 3
45 13
31 74
16 100
45 2
94 14
87 84
84 22
42 61
69 17
94 9
28 69
75 9
52 9
47 15
59 65
34 41
83 17
86 19
47 91
75 84
33 56
17 94
96 1
48 4
20 38
47 44
80 33
45 4
95 98
30 50
92 1
6 64
31 40
75 17
29 99
20 14
72 15
22 54
57 89
6 13
34 59
22 65
66 3
39 95
77 16
42 94
48 59
66 46
82 60
8 22
100 54
24 49
48 16
30 65
29 9
47 100
81 7
16 89
11 75
70 98
30 58
86 34
32 93
43 93
91 29
90 11
91 33
26 25
44 88
3 33
78 19
12 22
23 100
66 32
98 70
67 99
10 97
27 84
90 39
5 85
90 7
24 95
75 70
22 9
16 28
45 1
68 7
88 56
88 73
33 30
98 5
61 92
54 7
65 90
19 30
42 64
12 28
51 70
71 53
52 24
67 41
1 20
34 81
100 93
22 3
98 28
78 78
82 23
78 24
24 10
82 8
99 99
89 53
38 79
24 69
2 35
19 96
39 73
94 19
21 62
38 73
30 46
22 85
77 60
89 36
13 73
26 28
65 86
61 24
96 30
74 68
36 42
87 50
34 85
74 60
78 33
74 41
42 83
11 54
63 81
1 13
11 98
39 88
2 97
46 90
79 48
5 56
17 46
3 78
24 64
3 34
80 66
78 71
25 48
35 37
73 60
17 42
95 90
45 80
11 11
56 80
2 74
34 24
77 26
22 37
68 89
10 25
74 20
70 42
67 73
100 66
48 18
2 89
47 84
61 60
99 96
95 45
81 81
12 42
78 39
17 76
14 59
82 24
39 70
54 21
96 79
64 63
3 69
35 30
42 47
76 88
73 55
82 18
76 44
90 13
86 11
63 7
26 42
59 64
78 9
20 36
59 17
65 13
14 77
81 62
32 5
96 82
15 18
21 64
13 76
5 46
11 10
25 60
48 76
73 37
41 50
12 10
9 75
72 87
29 67
43 54
86 97
69 77
35 49
99 29
7 77
87 53
27 4
30 64
77 37
70 24
93 74
90 65
11 69
20 6
72 9
50 8
88 27
67 40
42 19
98 58
95 46
61 100
79 43
96 92
91 7
51 27
85 65
14 23
53 36
35 34
87 85
57 65
62 57
88 7
85 27
23 49
32 58
31 64
57 26
9 94
87 91
46 30
92 50
84 49
52 99
73 97
53 3
88 44
97 32
25 3
42 74
30 25
46 23
7 8
91 82
24 29
11 91
2 62
38 70
65 75
37 4
2 71
60 56
58 24
77 45
57 88
33 34
22 25
95 38
71 11
54 86
7 10
90 22
59 78
69 14
29 100
66 1
87 41
46 63
91 93
48 77
71 72
98 62
65 36
59 7
91 87
93 84
62 45
3 56
7 53
68 75
66 96
8 90
2 87
6 28
17 43
34 87
96 17
44 23
54 62
54 96
33 2
82 15
93 24
2 56
93 66
62 16
56 20
28 93
15 98
92 77
78 34
36 61
52 93
48 63
84 12
17 70
96 49
40 88
68 99
26 67
29 18
76 23
98 56
52 78
62 86
7 23
65 17
78 41
40 15
64 4
29 65
86 1
54 80
5 57
61 64
78 16
46 96
91 76
37 58
53 57
12 30
82 32
28 74
60 28
43 2
72 3
19 86
53 26
77 98
16 52
9 43
56 68
19 57
73 49
96 10
49 78
47 25
40 21
26 37
48 6
22 10
80 16
55 72
84 71
5 59
54 95
59 99
39 100
23 96
7 50
26 11
51 35
59 87
37 17
71 55
80 57
2 48
7 57
53 75
77 21
19 51
9 98
29 22
77 59
22 35
55 52
45 68
49 22
50 24
4 90
89 66
29 35
85 13
55 23
63 27
51 39
9 68
81 50
23 68
41 81
74 5
81 98
94 23
59 91
2 82
74 87
22 70
51 79
95 8
16 98
52 53
15 54
36 77
19 12
15 10
21 79
5 86
53 56
74 93
62 83
56 3
1 31
31 24
68 36
29 74
20 71
81 76
36 6
35 27
60 70
38 83
77 72
79 92
2 10
24 75
75 55
4 92
23 9
51 23
34 42
60 3
20 4
59 59
8 80
95 92
3 89
12 26
73 99
18 44
72 84
94 79
73 23
100 94
76 52
90 32
4 94
25 42
22 56
27 74
14 26
68 88
39 8
29 57
95 4
15 94
54 74
27 68
5 98
90 5
76 42
2 76
76 29
51 93
33 41
46 13
81 86
47 96
98 1
99 88
35 18
95 28
9 33
100 75
45 58
35 28
34 14
89 95
48 30
89 39
57 43
66 61
70 75
4 10
46 54
18 78
10 12
1 83
32 23
24 79
100 44
11 16
55 84
20 3
31 57
17 78
37 25
69 71
64 52
4 76
44 40
99 89
47 66
82 39
15 5
85 49
22 16
21 30
82 87
68 85
41 1
59 42
34 33
43 73
56 49
35 94
72 68
52 38
79 27
22 86
27 57
55 97
5 87
93 58
67 6
84 32
49 97
11 89
44 61
15 22
92 80
100 7
61 18
23 8
3 26
79 68
88 69
72 92
34 77
84 70
20 83
69 35
16 94
87 6
93 88
9 79
50 44
22 32
90 14
47 93
58 77
7 60
47 34
9 71
41 90
41 77
24 66
94 50
70 4
14 3
49 86
75 6
16 75
58 95
20 34
55 1
54 41
11 78
71 39
6 73
78 65
32 78
45 79
56 24
90 76
16 84
84 66
33 4
14 38
86 64
17 20
7 25
79 60
94 16
58 55
87 80
19 68
81 6
52 66
51 2
64 49
1 29
78 68
60 14
95 39
89 7
69 78
44 71
49 91
36 48
90 88
56 87
28 27
83 76
98 82
80 23
10 16
35 44
8 57
73 43
62 3
64 100
96 42
84 18
64 5
55 87
38 42
93 27
95 70
40 4
14 29
14 35
52 50
16 56
64 83
15 20
89 89
23 27
76 64
98 45
39 64
17 4
83 11
34 8
89 74
53 68
44 49
68 65
7 4
81 87
100 63
6 21
69 39
19 75
75 53
4 68
38 82
53 84
71 45
91 66
99 42
7 14
24 24
6 6
12 9
83 37
4 58
98 6
18 85
29 30
85 80
9 49
75 16
9 9
39 48
12 55
77 18
54 22
4 95
92 92
22 18
80 11
18 86
58 99
31 80
86 22
52 33
6 25
18 43
24 100
20 22
59 67
58 94
62 96
88 8
48 81
36 22
80 28
93 50
79 82
28 11
80 3
11 21
16 53
65 59
1 62
94 98
37 60
65 56
93 86
4 24
24 83
4 8
21 67
29 42
15 73
24 91
87 11
25 74
19 50
49 62
69 49
8 45
8 33
67 22
93 3
64 74
42 8
44 95
39 43
96 31
89 80
30 16
58 25
51 41
8 15
89 20
80 25
78 13
44 92
57 40
26 92
22 50
76 31
25 4
65 85
3 1
62 6
67 50
13 16
85 1
16 95
67 1
27 13
30 100
33 14
90 20
71 44
38 2
5 41
35 96
82 55
77 95
58 34
35 4
59 62
80 76
38 97
10 93
97 68
62 66
29 92
28 55
93 79
76 93
87 100
3 77
38 100
51 14
20 23
100 32
85 85
34 51
13 26
100 21
10 24
44 82
89 91
38 21
36 34
67 80
22 27
41 97
22 95
25 59
74 72
6 18
63 62
90 19
63 25
43 51
90 74
35 92
58 1
99 19
61 62
12 96
41 100
98 76
40 63
16 77
64 87
78 100
78 2
36 19
59 4
25 100
45 95
40 56
85 67
45 32
100 81
27 55
97 26
3 24
11 14
96 95
97 44
30 99
45 19
87 45
97 57
77 53
100 27
86 71
80 12
17 57
24 99
18 73
26 21
31 84
44 42
97 49
42 91
66 84
42 9
100 71
84 69
87 42
63 39
69 62
48 89
66 8
59 66
67 45
13 67
52 62
78 31
37 66
49 15
23 67
61 3
17 68
70 32
7 66
65 12
29 64
92 96
96 86
85 42
11 76
12 61
55 65
78 87
56 2
97 55
75 8
80 31
23 33
65 5
34 17
87 61
28 22
68 68
51 60
19 94
9 32
46 93
79 11
14 95
13 9
93 44
25 18
53 48
11 77
30 18
72 5
73 25
1 54
61 16
81 66
80 17
49 73
26 30
72 27
58 86
76 94
2 23
28 79
10 39
38 13
59 94
1 9
31 96
64 13
11 100
49 51
1 14
19 2
42 1
36 14
48 93
56 91
76 86
67 47
96 20
98 90
72 35
60 42
1 80
94 60
22 78
36 1
95 83
66 94
5 79
55 46
24 32
90 10
71 5
37 48
50 56
44 62
39 76
73 70
85 99
15 37
22 4
48 31
49 9
58 83
69 50
71 96
13 94
35 31
37 9
23 41
14 81
73 8
67 61
84 91
54 49
92 37
54 73
65 30
32 68
85 96
11 25
42 39
38 17
20 41
49 76
12 60
90 70
82 26
67 54
48 23
4 47
58 90
68 66
55 38
100 67
66 75
29 63
23 2
93 61
81 30
11 5
31 76
73 78
35 85
36 47
82 51
77 69
34 76
51 73
70 96
98 69
87 56
47 88
57 78
38 52
31 46
53 71
32 39
54 89
56 5
76 2
38 55
80 79
63 34
20 68
97 72
36 86
69 82
41 69
53 94
66 17
8 9
74 79
55 57
96 34
45 30
88 99
6 34
92 19
38 81
65 31
8 46
17 18
69 45
76 54
32 4
95 95
30 42
65 93
41 78
92 35
30 4
8 20
59 31
20 69
98 78
2 67
7 1
72 91
95 55
51 7
27 59
8 42
5 40
70 91
84 38
45 47
6 85
35 100
59 30
89 75
42 40
85 8
99 35
19 89
30 81
74 85
91 17
38 89
17 98
54 43
18 5
53 46
23 42
23 58
55 50
40 45
11 37
25 41
69 11
33 16
34 79
22 93
72 40
80 82
35 67
7 18
55 82
8 37
58 27
72 11
76 63
14 62
67 37
73 98
58 84
65 51
3 9
11 47
49 55
27 3
83 73
6 40
31 11
68 67
70 11
89 56
84 85
70 89
82 71
28 1
69 9
18 35
6 95
23 6
79 31
63 71
26 47
46 57
34 96
57 24
23 95
33 66
22 7
17 87
93 68
89 43
95 73
98 88
57 74
62 9
32 13
49 16
44 12
57 97
76 3
48 83
1 81
31 56
20 87
78 45
88 88
79 38
67 68
8 85
3 31
65 48
40 55
54 18
69 93
99 14
90 73
34 60
2 59
96 62
48 97
35 75
54 60
58 50
63 42
81 91
32 25
70 84
27 41
3 70
87 46
70 71
36 100
75 97
47 98
49 31
82 47
77 62
28 56
94 77
83 14
99 37
88 83
31 95
85 48
36 43
13 86
75 51
41 10
77 81
86 53
74 39
37 20
80 83
4 75
33 90
100 23
9 5
19 52
87 24
88 74
50 92
76 97
28 42
67 79
50 67
75 78
16 4
59 20
45 67
85 40
72 48
76 7
3 63
63 26
34 46
96 33
96 100
10 77
34 83
74 16
7 35
54 92
68 92
10 42
98 44
59 34
39 55
53 42
24 41
90 71
30 74
9 100
5 3
59 100
3 97
4 17
94 75
21 22
25 98
39 61
82 91
42 17
58 63
2 36
64 6
69 99
4 28
87 66
83 80
64 95
92 16
98 4
92 27
16 61
42 18
58 19
68 2
23 99
41 33
37 26
10 5
51 65
13 83
31 17
61 81
83 46
9 26
26 86
93 41
54 27
35 84
70 27
74 50
3 40
42 5
9 86
5 54
30 89
92 75
10 80
89 19
88 10
15 88
90 31
34 2
26 64
8 18
16 18
66 42
88 12
14 70
6 87
100 42
80 70
40 53
81 51
5 99
49 69
53 61
100 14
34 35
97 89
15 75
15 64
19 44
7 85
64 99
52 98
39 99
11 59
37 47
21 1
98 22
87 10
28 98
26 100
37 27
19 39
13 70
79 81
16 51
64 98
94 7
43 32
100 28
50 5
42 12
47 94
94 24
40 70
78 44
15 27
57 23
84 73
17 47
97 78
75 48
27 61
87 63
33 71
32 19
68 44
80 22
99 94
34 71
56 57
66 91
60 39
69 41
80 35
25 22
78 54
15 2
100 19
20 40
24 47
68 8
10 6
45 81
63 79
89 5
21 37
69 72
36 67
64 78
44 22
78 40
42 69
55 18
79 13
24 7
98 11
37 43
30 44
75 56
1 19
52 27
18 46
57 94
58 6
46 99
37 11
87 49
98 61
69 47
77 61
20 49
75 3
62 74
87 25
34 58
41 16
55 48
65 66
63 74
38 7
36 82
30 76
95 78
22 38
28 45
70 39
96 36
67 4
24 30
99 91
73 12
42 44
60 20
66 88
78 22
73 52
63 14
48 92
35 63
92 68
28 21
85 39
75 92
50 71
77 100
18 71
93 25
47 99
11 66
34 49
15 35
25 20
5 53
95 36
44 43
53 49
85 12
35 69
89 50
46 44
83 54
30 53
94 29
20 35
17 61
60 61
47 18
46 29
76 26
47 83
1 18
52 23
33 40
33 36
81 34
50 98
56 53
51 95
18 72
51 57
98 25
49 49
64 53
26 2
61 98
8 98
23 7
39 79
79 32
2 51
98 72
33 60
11 70
91 70
11 58
35 88
78 15
54 17
45 52
87 44
15 44
15 36
6 99
49 23
65 40
63 61
63 52
4 85
12 36
78 49
27 5
3 10
46 98
52 70
85 23
92 71
68 91
84 97
15 76
11 15
95 71
58 39
95 82
3 25
92 72
55 92
85 16
40 85
10 51
53 60
47 70
71 65
36 15
65 29
6 53
73 50
5 34
77 22
90 21
57 54
18 57
3 82
93 17
84 88
62 91
27 24
33 42
85 50
91 40
78 37
96 21
11 7
36 49
58 70
82 38
78 76
31 61
49 12
76 5
74 71
92 42
90 52
63 63
4 51
42 43
73 81
50 50
92 54
73 63
62 22
4 81
22 63
85 7
74 97
61 73
39 39
8 74
64 61
44 60
3 65
14 75
63 60
77 78
13 85
36 27
49 37
70 48
10 22
58 92
65 2
55 43
45 14
4 7
45 18
85 56
50 30
70 62
17 91
13 61
76 21
94 37
4 53
20 25
26 15
33 48
26 41
52 68
61 76
64 16
6 39
70 52
3 17
21 44
29 5
12 88
70 85
39 45
19 28
88 75
24 87
82 43
59 16
97 58
87 87
35 46
23 37
18 18
90 84
52 82
31 68
98 84
82 40
64 57
39 47
21 49
34 19
44 63
35 48
78 38
11 80
84 46
95 31
5 91
39 72
63 51
34 29
26 61
86 33
77 3
21 89
11 29
36 53
100 2
31 50
85 93
48 36
93 10
16 66
49 21
61 96
75 39
90 69
100 46
98 100
40 14
27 54
56 51
50 1
18 36
30 79
26 29
32 79
26 55
73 34
66 5
48 33
68 25
89 13
56 100
89 11
22 75
37 73
36 26
47 61
43 7
48 53
24 85
84 82
68 9
61 66
20 26
7 12
16 58
95 19
58 43
44 28
55 47
88 90
24 98
85 20
42 14
81 56
78 53
82 22
87 71
10 15
20 51
35 45
3 88
73 77
46 70
12 62
32 35
28 39
49 94
36 28
49 56
9 20
31 75
23 97
55 64
32 31
40 83
4 22
95 16
51 47
17 26
34 98
73 71
78 86
90 79
12 66
88 100
5 77
89 38
14 25
79 77
19 91
18 45
52 56
20 79
37 87
83 71
30 66
66 35
73 22
83 74
64 33
2 3
24 40
38 9
28 57
63 50
79 6
39 26
10 46
62 53
53 69
71 98
44 78
59 61
82 69
25 52
61 45
43 56
7 13
34 45
96 55
5 63
59 50
92 56
4 12
86 35
3 11
46 41
28 47
16 73
49 42
98 50
45 44
15 41
15 31
59 35
92 79
83 30
36 76
60 79
90 68
12 41
42 51
35 56
5 74
20 10
46 62
80 51
84 33
76 70
3 64
21 87
40 77
90 23
51 63
2 88
25 11
67 42
68 31
15 11
79 10
96 43
97 23
23 98
65 62
1 77
7 63
84 62
31 19
25 45
100 17
1 17
96 64
45 64
95 1
23 65
87 82
13 80
53 20
53 18
32 38
96 19
100 92
100 20
52 8
58 2
80 78
97 91
48 85
30 6
37 62
53 21
41 14
47 54
26 12
33 100
18 95
10 8
27 52
100 10
49 84
10 87
20 29
72 22
49 63
14 2
58 10
78 67
87 93
28 34
60 45
96 69
77 74
64 44
91 31
12 82
11 17
8 75
66 52
32 64
85 29
62 70
21 13
39 77
86 37
80 73
57 49
21 92
30 82
73 58
69 34
54 61
4 4
31 22
90 12
80 63
39 98
19 77
27 7
54 97
23 71
77 11
14 53
72 60
34 89
40 73
28 91
57 90
4 96
94 57
56 31
97 22
89 33
23 78
92 20
7 44
50 7
55 17
91 6
37 90
28 17
9 92
5 83
88 9
8 10
21 88
79 39
69 67
59 27
15 1
36 79
71 27
34 57
94 88
18 99
41 23
55 27
15 97
66 37
52 25
17 8
65 87
49 24
65 14
60 8
10 100
64 21
6 31
70 44
95 68
59 44
16 3
69 87
41 56
9 97
42 84
40 35
57 44
74 65
93 98
14 98
12 87
73 75
31 37
94 5
2 21
7 82
6 65
6 94
54 11
22 79
2 100
83 88
56 9
62 35
39 62
41 91
87 51
65 24
47 50
89 18
58 40
59 55
36 83
84 76
13 43
17 64
98 13
66 74
54 42
35 65
85 72
35 12
4 41
75 18
89 73
74 86
12 83
16 35
19 26
84 94
77 96
57 59
95 23
41 60
93 35
64 46
54 65
24 43
38 40
87 65
62 85
22 24
64 8
63 85
80 88
40 91
34 26
22 83
12 81
97 20
34 23
92 40
76 22
67 29
49 28
21 70
63 4
58 41
57 61
30 61
82 86
89 54
35 58
28 19
7 58
14 51
70 21
1 7
2 57
89 42
86 17
39 20
71 18
91 88
100 57
57 62
42 29
75 31
41 5
14 100
45 53
90 44
56 42
83 5
68 34
11 85
41 87
53 33
63 8
76 98
96 99
56 84
89 59
71 14
74 18
38 86
38 64
15 7
53 64
43 19
80 59
28 33
80 50
59 60
39 63
100 40
40 81
7 43
57 19
72 52
23 44
98 80
45 78
69 31
9 87
34 4
71 38
16 7
58 3
89 62
88 86
42 60
6 83
74 49
70 93
75 88
51 80
31 65
57 4
31 8
34 66
19 9
52 76
38 32
69 56
63 2
42 67
12 97
44 90
18 82
52 92
59 36
41 25
41 84
57 7
5 19
47 60
25 70
24 21
45 65
38 65
1 47
88 2
93 48
46 77
52 81
63 9
87 75
98 49
73 65
72 17
56 43
43 68
25 69
98 41
21 75
44 32
14 52
89 45
68 94
45 6
64 47
15 87
53 62
72 64
34 27
51 71
72 74
49 54
78 29
83 100
21 11
48 46
100 36
7 19
66 27
73 1
82 25
20 52
84 61
10 52
92 28
69 7
95 93
95 35
32 83
6 77
66 92
53 100
50 46
34 67
43 100
16 57
93 63
25 68
75 90
99 81
57 53
67 33
20 2
13 77
7 20
1 78
51 87
74 55
95 75
80 81
92 69
40 62
59 48
91 18
67 92
17 22
62 98
56 55
32 95
11 90
11 33
17 16
24 68
79 66
19 99
11 50
43 87
82 76
33 22
31 13
69 12
67 26
17 86
38 8
46 21
76 55
30 37
42 50
14 88
46 16
43 48
33 32
12 58
24 65
98 68
11 67
75 10
43 71
30 19
25 14
67 36
18 17
54 12
23 92
36 24
76 38
16 72
46 92
6 46
92 95
38 45
42 76
22 97
81 9
56 35
48 67
62 21
86 91
72 94
88 68
92 55
7 52
26 99
24 14
58 38
11 74
73 45
8 66
68 95
40 3
68 58
75 69
7 97
5 39
49 61
65 82
59 73
8 94
96 50
9 29
69 84
80 6
10 55
40 12
33 25
77 49
9 54
33 97
75 66
5 84
63 10
65 34
77 51
22 51
42 86
67 59
41 37
51 26
22 69
32 16
72 96
85 66
71 97
5 68
1 52
49 85
84 72
84 3
18 87
64 68
52 67
83 67
61 21
49 99
66 41
60 62
1 45
79 67
12 100
87 36
100 98
77 80
91 95
80 64
65 45
38 78
60 41
65 35
32 62
16 16
49 29
2 1
42 3
40 82
40 57
70 45
27 17
70 87
44 73
83 38
82 41
11 23
50 84
59 49
73 74
20 24
57 93
61 43
5 90
18 33
16 96
14 61
86 89
78 75
85 79
48 24
2 31
9 67
76 59
47 53
93 19
33 63
76 37
51 55
93 36
43 60
51 25
59 54
80 7
21 59
66 57
36 59
34 28
82 5
2 16
16 88
36 58
27 65
84 15
83 45
68 1
92 7
74 48
81 72
64 41
4 100
2 60
85 6
51 89
9 99
32 96
40 46
75 96
41 31
64 35
33 15
3 62
79 53
3 37
44 74
69 65
31 69
29 56
12 53
73 87
70 66
76 78
91 59
6 36
54 52
78 51
3 99
79 42
89 48
30 98
81 84
2 8
75 42
45 45
73 42
47 27
29 59
64 1
34 69
56 97
31 87
24 5
4 66
7 31
38 85
86 73
25 64
98 75
10 63
100 62
95 52
44 94
56 36
6 29
26 27
2 41
25 94
52 83
34 1
2 69
77 79
24 62
14 79
22 48
57 63
81 36
95 40
40 2
7 61
66 56
75 20
19 8
82 50
92 12
15 61
94 83
90 42
60 48
96 27
22 47
10 38
54 72
68 16
36 35
29 24
5 94
69 83
33 50
37 61
49 88
80 10
96 23
27 1
78 89
11 48
64 9
91 54
28 2
74 42
41 19
3 73
57 38
12 3
6 10
51 50
71 36
51 21
53 54
31 62
24 59
39 84
50 59
78 98
38 16
52 77
5 92
96 96
24 46
30 26
82 35
93 81
8 73
83 41
38 36
4 33
100 95
14 94
22 28
86 9
95 37
88 40
61 49
98 91
82 96
5 8
64 29
100 25
4 46
70 16
63 11
77 65
35 2
76 68
4 11
62 19
38 35
4 82
56 82
60 58
6 4
22 98
23 1
81 12
60 23
20 63
50 80
15 62
23 32
79 59
55 99
29 41
63 59
54 87
40 65
64 50
99 84
40 80
4 27
90 87
72 85
97 99
93 29
60 52
28 3
17 92
47 3
56 45
54 79
84 37
33 31
91 68
2 78
33 12
23 43
27 87
4 71
75 79
10 95
16 34
58 18
37 32
70 78
24 35
86 25
43 81
42 57
60 12
72 86
75 60
66 16
45 99
94 61
57 34
15 24
44 85
95 56
79 52
58 57
58 45
46 35
5 49
7 67
83 16
75 57
20 27
35 68
86 47
25 49
27 39
32 80
11 18
31 1
39 4
27 2
27 58
34 30
92 87
26 43
58 42
25 75
83 36
52 84
75 99
60 92
18 75
77 73
62 56
70 30
53 88
81 43
5 14
43 86
19 56
63 99
66 4
37 79
27 6
50 12
17 30
14 69
2 30
80 100
52 35
7 73
33 11
73 95
12 5
9 58
81 92
56 16
42 99
85 70
65 20
1 82
29 13
82 1
14 11
4 78
15 29
14 34
65 8
71 2
39 91
69 88
44 31
50 23
19 35
64 36
41 11
81 35
77 7
85 97
88 33
7 56
84 77
23 45
89 60
76 83
20 15
62 32
89 76
28 75
25 54
13 58
93 73
81 68
84 57
4 45
67 58
75 15
12 57
86 32
3 7
14 33
58 7
97 40
47 28
25 1
61 68
19 43
8 81
94 78
64 71
45 94
25 27
20 74
37 36
94 56
26 87
62 67
57 71
10 56
28 41
70 51
14 17
95 72
31 86
22 94
47 32
98 3
16 25
80 49
33 86
92 17
69 61
18 92
54 8
54 55
83 57
22 99
43 62
60 34
85 33
74 95
10 48
10 61
58 28
66 10
35 38
73 31
16 36
100 99
62 51
89 24
12 15
28 9
73 9
50 26
21 46
83 23
55 32
47 30
30 84
44 1
12 46
12 44
15 45
50 61
62 87
78 80
83 75
96 94
55 98
61 97
41 75
24 92
35 77
27 79
30 35
1 94
12 71
96 59
91 45
97 4
29 94
37 28
94 42
59 29
65 9
83 58
41 27
59 97
37 23
32 97
18 89
51 20
72 56
55 16
6 70
59 39
49 5
31 27
91 41
30 75
84 34
40 64
54 23
77 88
95 58
3 44
94 15
82 85
71 91
8 1
92 61
17 14
73 57
79 28
17 41
66 28
10 99
58 49
62 93
5 32
50 85
21 48
31 20
28 28
69 1
34 39
42 89
7 42
87 37
65 18
23 76
75 68
67 23
48 43
96 88
20 95
97 27
18 31
57 83
83 20
40 69
93 12
83 63
28 50
38 46
46 46
8 65
19 64
41 76
83 31
38 67
53 66
27 43
36 57
38 41
44 3
15 70
21 57
94 82
78 52
36 85
85 46
40 86
99 55
39 2
64 43
68 39
71 90
49 53
76 79
72 65
69 97
46 82
15 92
63 48
74 46
71 37
1 61
57 80
74 37
36 41
13 59
21 15
88 77
44 72
42 56
85 24
46 69
73 73
54 3
69 18
39 12
23 93
1 48
61 42
59 92
87 12
9 48
67 70
93 40
19 72
31 15
98 29
35 11
85 54
80 56
82 14
96 56
12 7
49 6
90 78
13 11
87 4
38 91
63 22
11 62
68 100
88 93
38 72
85 77
91 91
39 6
100 13
99 67
32 90
89 99
96 15
83 89
38 87
29 85
90 55
76 18
95 20
13 3
52 20
48 99
29 26
100 18
87 98
58 46
49 14
68 98
43 59
32 82
94 30
54 45
92 66
92 47
54 25
6 44
18 10
19 17
59 15
2 58
50 83
97 12
67 90
26 79
34 7
91 47
44 34
48 65
12 18
45 62
90 64
58 44
92 41
31 67
6 52
82 90
85 91
2 33
61 28
52 31
99 51
71 4
53 52
94 65
4 42
55 4
74 29
11 51
40 87
17 60
41 64
51 78
77 9
41 73
38 30
5 26
3 79
12 25
37 30
76 65
60 86
98 31
92 38
39 5
65 53
89 17
30 63
30 85
81 97
15 66
5 27
43 40
62 55
56 70
71 40
19 23
42 71
66 76
93 65
47 40
17 49
46 79
75 34
77 64
18 25
61 12
45 96
98 8
78 55
24 3
6 38
82 11
72 43
68 22
93 39
31 91
41 66
91 37
18 49
66 21
82 10
49 3
87 74
86 69
27 66
5 33
70 92
71 15
24 23
63 76
44 2
99 58
19 11
97 97
15 17
26 6
88 41
57 48
75 87
85 59
18 68
16 9
76 47
19 37
94 17
36 5
27 97
95 43
55 71
80 80
60 91
41 70
28 14
85 18
2 25
31 54
9 11
53 28
27 26
55 49
92 78
84 87
89 70
39 46
84 93
96 16
2 24
73 39
20 46
45 97
43 76
68 86
89 37
42 32
89 61
57 95
29 60
98 33
60 29
93 100
56 41
99 6
3 91
69 3
83 85
36 39
52 51
40 28
9 31
58 88
77 91
35 78
68 46
79 50
94 13
46 58
52 87
21 84
53 74
72 25
92 98
31 38
40 19
34 75
97 100
36 92
33 74
38 25
3 22
84 78
43 38
55 67
20 99
87 5
54 82
57 5
82 20
69 59
100 8
2 26
71 82
60 16
50 40
93 90
18 3
79 95
8 2
93 28
53 35
52 73
36 31
70 31
51 45
88 96
49 68
41 29
7 96
53 37
78 23
30 17
90 25
77 38
13 31
100 61
25 81
48 75
84 2
74 4
59 18
12 85
41 6
22 59
75 49
7 91
35 82
6 45
54 33
42 82
31 5
85 9
41 96
43 74
60 99
75 93
74 56
13 49
77 10
44 11
75 44
88 76
35 97
60 64
58 72
46 81
88 42
81 90
83 33
84 100
39 49
56 85
70 23
64 10
94 67
17 36
59 46
21 98
14 99
40 84
49 80
38 11
79 20
29 49
80 55
19 73
29 98
27 19
91 35
93 22
40 13
44 6
79 44
9 70
46 86
2 17
64 20
8 82
43 36
26 94
68 63
84 23
100 38
73 5
46 50
73 26
70 90
76 32
28 7
14 16
7 40
70 2
95 94
44 59
83 61
92 25
63 44
53 81
32 60
51 53
86 94
37 14
35 21
65 97
73 33
28 13
34 47
17 54
32 41
95 26
86 77
69 90
97 59
43 6
69 69
83 34
89 68
36 95
64 26
12 65
65 94
65 70
71 57
58 76
52 47
22 67
87 89
21 16
97 11
10 44
14 78
69 54
88 4
34 74
77 31
3 72
8 77
75 95
76 87
72 2
19 88
37 74
11 6
29 86
51 29
13 71
20 11
79 97
96 24
7 54
22 20
6 35
45 100
69 46
35 42
28 35
83 28
20 98
13 87
29 89
16 30
63 37
38 10
67 93
2 61
58 36
53 79
85 98
83 93
25 61
53 72
91 53
85 17
98 16
28 88
50 6
21 28
96 93
6 32
70 67
17 35
49 30
83 96
8 38
29 70
65 92
35 14
97 15
33 55
47 63
100 26
55 58
97 43
45 33
31 31
40 66
85 88
36 96
61 38
41 18
79 57
17 73
58 8
58 66
19 31
4 64
54 50
2 42
30 55
57 37
5 66
28 5
32 42
15 89
31 28
16 15
42 77
96 72
77 28
66 34
44 89
81 33
63 75
37 85
38 6
63 23
33 65
37 89
25 71
48 64
100 77
31 16
100 50
92 74
37 70
26 98
4 70
68 43
45 3
39 75
21 40
38 20
3 92
65 69
75 54
40 38
12 69
5 13
8 64
64 82
23 89
83 48
23 39
49 71
96 46
42 100
15 85
35 60
69 40
44 96
2 11
1 49
53 34
55 8
74 90
22 2
70 34
100 37
26 85
23 36
21 42
1 15
35 70
7 59
8 17
81 64
85 47
65 4
59 79
11 30
62 84
33 35
14 73
26 20
51 9
43 39
34 34
29 38
99 69
36 88
34 31
41 67
15 15
99 31
69 52
50 95
28 37
31 29
89 44
65 63
11 35
77 55
36 66
4 16
70 82
1 65
9 22
31 53
83 84
54 78
47 89
47 31
90 99
97 70
44 21
97 73
56 38
9 34
70 37
66 62
15 99
98 87
48 60
89 51
13 4
52 7
56 18
40 27
74 96
83 87
23 15
44 20
24 22
90 98
20 37
16 71
30 91
82 53
83 3
26 97
77 27
18 30
54 47
27 25
91 86
90 40
49 25
96 65
41 71
13 74
83 24
48 68
46 31
89 67
99 21
14 57
69 13
36 38
96 35
20 20
5 71
6 89
8 35
1 35
37 53
63 77
53 31
12 79
46 95
17 53
52 63
23 29
3 3
30 10
27 95
1 8
74 84
31 12
9 1
58 91
12 33
79 37
2 46
34 72
93 13
27 18
55 36
95 18
27 46
10 26
79 54
3 48
2 96
85 92
40 31
93 8
18 8
40 7
23 83
27 70
60 57
25 2
21 5
24 81
56 17
23 60
99 85
5 7
56 48
50 90
51 36
91 71
40 94
1 84
31 88
72 54
49 48
21 85
20 8
62 90
69 30
60 36
32 89
20 80
17 52
97 16
85 21
66 86
64 40
9 45
11 9
23 66
58 11
95 29
85 74
18 4
27 83
83 2
41 30
76 82
42 25
61 67
43 42
48 49
95 47
1 12
18 65
81 21
41 62
21 97
66 69
64 12
82 77
42 96
33 59
78 88
91 81
90 24
10 62
5 30
77 89
23 59
60 77
25 19
49 41
68 24
2 44
57 15
25 35
62 59
40 40
32 8
2 77
51 22
63 57
4 31
21 74
39 80
57 42
26 58
100 30
2 19
18 69
64 32
16 10
7 65
30 92
44 29
3 39
2 7
4 13
51 18
24 17
14 19
29 31
50 18
10 50
46 91
98 73
78 27
11 12
32 88
44 81
5 48
93 52
76 60
20 7
64 67
3 93
16 67
48 100
99 63
1 88
48 8
88 72
50 2
56 26
71 30
33 70
11 53
29 48
22 66
84 21
78 12
2 9
67 55
40 90
77 56
36 25
96 6
88 79
64 24
55 19
54 30
70 14
15 52
13 8
58 33
58 53
8 28
52 28
19 81
24 58
14 54
96 32
16 26
85 58
53 16
22 11
2 6
100 91
9 21
53 8
57 55
21 55
93 32
28 62
81 89
40 67
20 65
48 55
97 29
42 31
97 66
64 84
88 3
8 31
97 14
97 45
44 25
5 21
20 54
94 71
23 50
90 50
82 2
6 27
70 47
50 62
33 92
46 22
74 38
7 11
32 47
55 91
36 81
86 29
40 9
53 14
61 88
40 44
13 91
13 99
18 88
53 29
44 10
93 60
18 79
12 76
74 57
3 16
87 35
97 63
81 83
68 42
50 89
47 17
91 98
17 2
64 30
77 66
14 8
8 83
44 27
3 28
7 33
5 65
90 2
96 83
23 31
100 41
88 22
100 82
93 78
88 28
89 47
97 2
92 94
68 76
78 18
26 59
94 53
50 36
27 86
96 40
67 14
85 78
96 14
7 69
49 95
50 58
30 94
70 22
68 51
42 20
17 80
13 65
14 6
35 35
7 38
63 13
62 41
8 97
76 35
24 25
78 57
66 54
4 62
50 81
10 67
59 12
6 41
29 55
41 3
87 22
28 92
67 82
19 14
66 40
47 23
47 59
71 10
37 49
4 1
71 20
24 38
22 34
55 94
11 32
88 98
38 54
48 70
25 46
35 57
80 13
25 56
46 49
62 40
53 58
61 35
6 91
25 82
33 73
72 55
13 24
60 71
21 47
14 92
17 34
29 47
11 95
3 36
53 4
93 54
33 78
57 81
38 98
48 58
55 93
41 34
69 60
98 21
82 67
36 69
19 92
93 45
82 97
92 93
78 17
17 51
13 63
94 48
56 60
42 35
80 27
7 16
78 3
12 75
91 43
91 38
66 68
20 50
6 63
16 97
7 62
19 18
68 18
63 65
8 8
79 1
30 3
48 5
39 24
64 94
65 57
33 69
33 91
91 85
5 6
51 52
92 29
15 65
10 98
98 98
91 83
65 33
82 73
95 69
97 19
39 29
85 19
52 19
61 83
6 68
87 18
37 13
15 58
76 84
21 52
24 27
60 4
88 34
3 12
91 19
75 12
32 46
1 21
59 63
96 25
16 81
34 88
61 5
84 99
52 29
50 53
47 42
32 84
99 65
20 16
31 73
45 5
24 4
47 82
94 80
90 61
54 85
92 34
56 83
10 94
15 3
13 19
37 6
96 53
60 30
96 28
75 1
29 58
8 47
45 39
32 56
66 71
6 43
15 57
92 36
84 25
13 96
97 77
95 99
75 36
57 72
81 57
49 87
3 74
53 11
48 15
16 42
97 50
49 96
13 90
7 45
68 11
98 26
49 65
90 75
79 33
59 80
99 11
48 26
40 58
69 8
53 9
86 54
50 57
72 47
55 60
81 67
92 45
44 52
18 32
65 16
84 56
80 15
4 29
10 60
33 54
45 24
16 49
40 47
85 25
60 15
54 58
66 12
41 2
85 84
82 58
11 4
13 14
26 91
70 29
72 34
33 18
7 7
96 29
27 92
79 47
51 30
54 1
24 54
85 90
86 60
70 80
11 43
89 16
47 78
9 39
74 19
53 63
3 30
80 94
89 2
52 46
75 28
48 48
99 71
11 45
76 77
81 44
59 81
36 23
63 86
69 73
74 21
49 43
67 16
46 1
70 70
27 16
16 74
33 8
83 8
29 4
32 69
31 63
69 95
3 54
54 53
38 51
27 62
100 56
55 55
18 22
9 69
79 34
60 55
77 57
72 66
100 22
45 28
63 24
62 77
43 52
66 29
7 83
27 64
83 32
96 73
35 80
71 29
98 53
33 3
75 63
6 2
13 40
11 28
76 13
93 51
24 97
78 96
20 73
61 70
71 78
24 53
32 14
58 65
56 58
74 12
18 48
23 47
33 79
64 76
33 21
20 72
79 17
32 48
88 78
96 85
41 28
18 77
72 67
60 82
19 41
96 68
75 5
33 85
87 77
42 58
8 13
83 19
56 61
11 38
95 85
51 15
39 87
13 72
67 24
20 13
31 42
11 93
34 80
40 50
54 71
58 20
55 20
3 59
89 55
44 56
65 99
87 90
84 53
14 49
62 8
7 94
3 67
50 76
98 64
79 21
94 81
91 58
61 90
95 53
19 58
94 51
95 62
65 25
93 99
99 33
87 17
20 92
48 37
20 88
60 1
92 51
43 99
74 44
68 52
45 86
57 17
87 15
90 63
66 18
15 74
88 85
95 64
53 83
56 75
80 72
68 19
14 14
47 71
3 18
37 7
32 27
94 8
22 45
6 17
78 4
34 65
40 25
39 89
90 3
55 76
85 45
28 43
29 32
73 66
23 16
48 54
80 48
1 51
66 48
40 95
12 64
76 36
56 71
62 7
73 19
48 52
27 28
29 45
62 79
47 2
29 82
14 76
50 82
94 72
92 9
88 54
52 65
20 60
74 100
62 71
24 82
39 59
82 95
35 20
28 51
91 30
60 37
45 46
88 31
9 12
83 44
87 52
15 50
51 42
61 57
35 52
37 93
16 27
61 51
66 72
21 61
45 89
92 99
35 98
14 90
34 63
39 38
53 51
83 68
52 89
94 45
89 77
84 30
38 75
48 12
66 70
19 65
52 57
56 77
47 95
12 27
75 25
70 19
13 92
2 53
58 68
74 30
29 95
62 17
21 2
26 68
40 37
78 11
65 78
48 19
69 63
86 20
93 2
3 19
65 73
38 94
81 77
9 60
75 71
37 37
15 49
50 65
18 52
38 66
24 94
74 89
8 54
77 6
51 67
19 76
69 33
35 5
81 53
42 97
37 82
4 73
76 4
56 8
5 5
20 30
80 5
59 53
21 38
64 66
62 24
60 5
66 67
82 94
11 73
43 78
39 52
62 58
36 46
43 31
20 57
69 98
43 21
81 70
37 34
70 8
38 31
28 46
53 1
60 10
33 9
77 14
18 64
86 90
77 36
58 79
56 89
10 20
90 97
9 14
56 39
28 67
31 25
1 100
72 99
27 33
100 48
79 40
34 32
66 79
68 60
61 59
69 43
75 65
93 72
81 48
90 38
91 79
36 8
15 55
46 78
21 77
47 86
38 69
73 90
96 76
91 55
3 95
84 52
56 28
84 81
80 98
96 66
46 25
90 46
43 35
57 47
28 36
100 72
55 95
31 85
34 90
98 47
27 91
80 65
26 19
51 40
14 89
74 82
70 15
12 78
71 21
92 10
30 15
11 27
31 60
60 44
31 44
12 14
96 26
85 76
72 72
10 96
95 30
86 58
38 93
20 94
99 97
88 55
59 28
70 79
23 74
9 42
30 30
32 43
49 19
82 4
26 33
89 98
17 99
39 14
40 48
16 11
28 30
26 17
65 49
78 77
59 83
80 74
88 80
37 5
4 83
56 56
16 92
3 84
85 94
59 86
94 100
55 34
62 92
48 45
75 82
62 26
99 46
31 47
24 71
90 92
38 28
38 27
68 49
34 86
32 57
80 21
43 27
59 41
61 50
86 100
69 74
31 51
93 7
41 53
36 13
71 84
3 46
44 44
43 79
88 6
3 90
10 41
6 14
22 17
74 53
79 45
53 93
1 64
49 98
24 26
45 93
62 15
17 9
96 77
46 9
8 5
6 57
74 25
67 11
84 68
99 20
18 41
72 82
17 38
77 32
78 21
17 59
32 87
80 18
43 72
70 59
65 32
81 20
18 100
88 23
11 19
14 93
39 15
63 1
7 9
32 63
87 21
68 6
18 28
25 12
93 47
68 71
13 39
60 43
76 41
47 13
28 89
30 52
18 20
64 93
66 81
14 18
97 54
61 63
32 24
1 27
30 87
12 2
23 79
17 65
87 83
91 89
89 49
27 98
3 61
32 6
85 71
92 57
60 95
20 18
47 33
61 48
92 76
16 39
47 58
97 46
30 2
53 98
56 32
17 48
40 43
21 24
50 66
88 14
48 21
39 23
28 97
28 31
52 30
10 75
69 75
27 76
80 20
9 6
99 53
28 64
25 9
48 13
22 46
50 22
67 85
96 2
56 29
49 52
13 95
89 30
23 12
16 87
20 100
98 93
85 28
74 74
54 35
79 87
34 10
74 58
84 40
86 12
8 63
50 27
87 62
94 31
56 67
53 12
93 42
95 6
6 3
79 29
78 35
30 36
93 6
85 44
57 99
40 89
58 73
66 20
18 94
39 34
25 50
30 9
89 40
60 49
71 51
11 8
97 1
23 11
82 42
100 85
63 29
63 5
16 99
82 68
50 4
62 37
20 62
87 30
17 21
98 51
12 8
57 29
99 72
13 46
12 93
57 52
69 20
55 69
88 65
16 37
87 78
37 59
98 12
99 82
22 100
100 76
16 20
95 60
67 12
63 36
47 57
81 8
53 73
1 3
51 54
51 13
92 44
84 75
43 12
63 69
49 57
42 27
58 22
57 20
42 22
7 76
35 23
92 82
39 30
65 84
2 64
69 2
3 13
24 67
7 36
48 86
58 21
54 67
34 48
59 37
26 73
29 71
97 82
75 45
71 7
69 80
19 24
84 24
62 11
66 93
30 77
14 83
17 45
43 89
89 63
85 86
31 70
59 84
48 32
10 74
94 93
44 41
82 72
26 88
49 77
86 6
25 29
84 27
18 55
43 66
92 52
67 100
22 72
51 69
54 19
95 3
60 85
89 31
18 2
65 11
99 34
42 10
24 36
63 82
85 30
48 98
29 19
13 29
5 61
20 66
39 66
100 6
32 92
29 84
35 81
75 58
79 72
29 90
72 75
13 56
50 100
8 76
4 30
66 78
29 91
58 96
4 43
2 63
65 15
81 42
48 72
88 1
30 29
16 47
5 10
45 7
6 5
67 57
87 73
88 53
73 18
1 79
37 3
50 93
31 93
40 41
91 46
18 58
36 89
73 96
9 37
14 96
63 95
46 72
80 47
78 50
90 47
19 21
37 2
34 43
62 27
56 65
50 34
61 82
91 92
50 29
82 49
32 75
14 74
48 84
78 10
80 26
91 39
75 14
43 15
24 13
6 75
12 35
39 27
81 54
18 21
6 22
61 86
28 90
62 99
95 57
57 91
58 51
93 71
89 79
67 49
48 3
84 13
77 2
56 90
32 29
2 75
49 75
54 69
14 4
22 41
72 93
50 96
74 17
24 1
86 49
40 98
1 75
34 97
73 6
16 78
51 92
4 69
25 79
13 41
97 96
59 21
45 31
17 67
60 96
95 87
45 54
30 11
43 64
22 23
31 43
93 34
36 21
56 94
40 52
91 63
17 55
36 2
43 84
87 3
89 94
90 29
96 51
53 80
34 62
57 79
9 51
23 57
35 22
30 73
36 80
41 68
35 25
83 51
36 62
31 18
91 56
41 72
51 64
4 98
39 31
74 64
47 79
71 28
99 80
27 78
87 79
48 62
16 69
9 96
60 6
81 78
29 40
24 51
91 5
71 48
17 84
18 59
31 26
39 11
27 75
2 15
38 24
71 35
1 16
91 52
93 76
12 21
89 34
43 24
85 60
86 50
20 89
30 95
44 50
66 25
96 63
97 95
11 46
86 26
25 5
9 40
71 47
35 17
70 5
36 73
97 28
40 60
30 27
19 6
56 81
75 75
4 50
75 85
49 46
61 6
97 21
25 80
28 10
1 98
33 72
44 79
95 24
74 27
48 74
46 47
91 74
37 29
20 97
65 23
60 25
91 65
97 56
19 5
16 93
13 45
57 92
99 40
26 76
3 53
65 43
86 99
59 70
10 79
54 13
55 2
47 46
80 1
9 66
51 4
28 44
40 79
38 49
48 1
82 9
9 41
47 10
43 9
17 90
14 36
62 65
34 64
4 61
91 64
8 4
87 64
10 9
49 26
26 26
46 28
50 94
61 85
39 10
96 90
17 62
97 24
20 91
16 82
93 91
56 30
5 24
87 32
3 100
54 29
57 75
81 14
15 69
77 19
23 51
46 12
80 86
27 21
54 66
42 13
91 26
54 9
28 52
30 51
38 76
82 13
46 76
67 78
24 39
29 37
93 11
24 8
89 27
58 98
47 48
55 96
51 17
26 40
74 13
44 91
90 26
16 68
66 26
73 14
78 14
3 86
47 45
48 91
41 41
61 23
8 41
91 22
54 75
41 83
5 38
84 86
76 92
30 69
39 58
16 90
65 89
23 18
30 62
23 21
11 88
55 7
47 64
95 67
71 34
72 89
70 81
47 43
77 90
17 75
69 38
50 86
26 38
39 41
100 52
12 90
81 25
81 5
58 31
58 93
28 23
30 72
9 3
79 9
78 64
45 26
51 88
58 4
49 59
4 72
2 95
32 52
28 54
4 59
15 100
20 9
29 14
10 53
19 100
84 80
22 26
76 6
63 67
36 97
63 28
16 44
41 99
40 74
88 39
12 94
15 80
38 38
71 68
83 12
82 98
31 41
55 33
18 81
11 72
87 67
91 34
10 73
64 25
72 14
53 50
51 34
67 35
71 85
50 28
69 19
84 42
55 66
2 73
10 57
75 35
45 73
27 23
25 32
79 93
25 57
15 26
43 1
26 60
99 10
60 32
17 69
72 98
52 42
42 75
59 2
43 85
43 11
54 24
53 24
74 67
51 76
59 11
87 68
70 9
98 83
47 55
19 25
68 32
70 94
39 60
9 19
8 23
67 30
57 60
22 29
14 24
36 37
17 50
76 14
71 9
67 63
11 96
99 64
81 22
18 76
35 91
98 40
75 74
35 53
13 35
3 21
12 92
1 50
12 48
85 73
2 79
83 56
51 1
66 24
68 33
56 50
66 14
52 49
63 49
72 51
66 7
16 54
19 48
99 38
59 13
83 60
26 78
93 69
4 40
99 23
17 82
30 45
89 12
62 33
71 67
42 59
94 34
45 76
37 51
17 13
16 59
17 77
2 32
99 57
58 89
38 43
64 77
70 49
10 43
53 76
34 21
88 82
29 3
45 71
7 100
28 24
19 80
71 81
12 1
19 53
12 45
62 75
6 93
36 36
36 12
28 63
21 23
99 66
10 47
84 64
29 12
61 69
52 54
25 43
78 66
33 38
55 6
59 22
13 100
42 63
51 68
25 76
32 65
69 26
27 12
58 16
60 98
41 79
91 24
100 47
25 39
45 51
22 60
98 97
92 30
70 25
19 78
60 97
85 68
33 49
80 45
62 43
60 63
13 88
37 76
52 2
68 26
22 61
1 23
26 51
9 27
86 39
12 56
95 80
27 90
19 46
94 92
78 82
77 1
57 45
4 18
58 14
12 80
43 46
8 19
66 85
71 54
31 3
16 8
82 12
43 91
1 24
6 100
2 29
56 93
68 97
5 55
45 72
46 3
33 95
9 44
56 27
77 40
67 3
64 54
26 48
52 17
65 72
89 65
30 31
50 17
65 60
79 64
4 36
60 74
4 56
80 14
27 73
34 15
80 32
41 80
63 55
39 96
43 96
55 5
8 89
20 5
84 26
89 28
24 57
72 88
36 65
14 71
21 96
99 39
92 59
88 32
3 8
80 84
51 37
46 66
83 49
78 73
61 71
33 62
24 20
6 16
5 96
85 64
91 28
68 50
19 95
94 10
55 63
57 30
5 28
92 60
25 30
27 48
41 92
70 76
56 66
86 3
21 86
84 96
81 38
98 74
49 90
25 8
81 16
13 27
65 52
43 33
100 33
7 22
61 77
42 88
55 81
49 2
74 22
35 1
52 44
52 88
39 35
73 48
67 52
2 92
26 75
46 40
1 36
11 64
43 22
20 48
35 8
81 73
8 6
9 53
25 89
17 39
93 97
73 72
34 13
42 34
58 54
8 56
56 63
6 82
69 51
7 24
80 38
81 41
58 100
98 55
99 74
66 9
90 41
41 82
28 4
21 21
74 10
54 100
15 82
44 45
52 14
4 87
42 21
32 50
67 81
26 22
86 62
78 32
31 7
79 12
86 59
12 34
71 19
76 39
15 19
71 88
71 76
32 33
17 97
51 99
77 71
49 8
96 5
62 69
41 46
85 11
27 94
11 79
45 40
83 15
19 19
80 40
21 63
38 60
55 39
36 93
62 78
95 21
11 2
68 54
9 76
93 96
90 86
33 61
66 98
74 45
42 41
48 47
16 22
12 91
73 53
26 1
73 21
8 26
62 23
74 92
76 66
56 37
43 57
51 72
75 52
68 45
72 10
96 54
68 83
2 90
98 79
45 23
64 27
33 26
69 94
93 14
4 34
69 92
87 55
19 70
79 89
57 77
6 78
41 43
79 96
69 89
39 1
85 81
36 72
50 9
6 61
91 49
28 99
26 81
78 93
95 22
100 86
51 81
54 51
48 79
38 22
5 88
14 39
24 18
65 6
74 47
31 71
12 43
71 6
49 82
81 29
43 18
68 69
31 14
65 76
98 92
11 87
62 12
74 36
65 19
57 1
42 36
66 13
67 17
50 52
79 51
48 11
70 68
90 60
1 53
18 38
98 39
58 71
71 46
37 46
81 10
8 43
55 74
53 99
17 27
55 12
77 87
16 24
30 70
75 47
32 49
1 1
40 24
73 27
20 64
52 40
32 18
96 91
26 10
13 34
41 63
44 13
20 75
86 28
81 2
98 95
29 72
2 40
8 52
79 23
54 15
34 22
5 82
7 80
50 41
82 79
30 28
88 19
9 77
61 27
33 83
38 53
37 96
10 36
48 42
18 27
23 88
8 25
51 90
8 49
68 73
73 3
80 54
81 26
67 56
100 11
83 64
93 1
41 7
89 29
82 59
42 70
66 97
49 40
41 85
29 77
36 91
11 1
83 77
50 75
26 45
46 34
18 42
56 96
26 52
49 39
58 37
82 70
7 6
87 31
92 18
36 98
79 15
47 26
37 72
56 22
6 58
71 22
75 26
79 99
2 37
90 89
92 48
64 48
33 19
26 69
94 54
44 93
8 40
47 47
17 63
2 5
56 62
18 23
37 67
64 15
81 46
83 59
2 13
75 4
90 36
48 7
57 25
14 12
9 61
65 71
60 78
62 68
3 49
43 45
44 37
95 59
93 75
17 33
94 26
83 26
95 74
96 52
74 80
86 66
39 32
97 90
76 91
97 88
71 42
30 34
98 96
62 72
83 91
18 61
67 9
73 28
52 1
84 48
68 28
86 8
84 36
63 6
38 58
33 29
39 71
31 10
63 88
55 41
40 33
13 60
49 89
89 26
14 10
62 100
96 98
61 56
56 99
13 47
17 19
16 80
95 89
45 9
62 97
48 25
95 27
61 36
40 18
29 27
90 57
72 59
36 63
10 40
44 77
76 10
29 6
72 26
1 39
31 59
91 10
84 51
39 65
38 19
81 17
16 48
67 87
65 38
82 63
15 86
25 6
72 49
58 61
23 72
83 72
39 44
50 10
35 95
1 63
5 73
90 82
91 60
59 95
77 23
100 70
95 86
91 11
51 61
10 84
37 45
86 18
5 44
91 90
45 57
42 65
35 66
78 61
51 84
64 56
27 71
55 83
4 26
57 84
78 42
39 85
47 35
36 64
32 15
21 95
22 88
33 87
44 58
88 67
77 15
37 88
24 73
86 61
98 43
79 90
48 39
94 76
22 74
78 92
68 12
6 88
6 59
37 92
92 81
72 61
100 45
51 10
18 91
64 72
37 57
93 62
62 62
97 48
14 87
19 13
83 40
33 52
35 89
75 27
28 59
45 29
12 40
35 39
92 73
100 100
64 89
67 71
96 70
38 15
12 49
67 60
14 97
20 67
29 10
43 14
46 33
86 10
71 17
9 13
92 97
4 14
22 43
74 15
84 67
48 17
27 81
30 93
26 18
97 75
2 81
10 82
1 28
68 23
61 32
14 66
70 6
56 74
58 74
33 43
51 100
68 72
91 12
60 67
6 9
63 80
39 17
21 6
10 85
84 6
93 43
81 11
23 63
3 85
9 84
13 28
29 50
46 38
57 87
56 52
95 17
7 27
33 33
84 95
81 59
97 13
39 68
18 9
53 41
29 66
54 40
63 68
85 52
93 46
50 60
39 78
81 47
76 46
71 12
3 15
38 18
69 91
13 33
81 58
83 25
28 100
97 25
1 11
83 55
47 51
47 92
82 66
6 67
98 14
1 57
10 88
66 15
42 38
26 9
38 5
53 38
93 18
89 57
7 81
6 84
37 94
27 45
82 44
54 36
8 14
32 34
12 11
67 67
15 39
61 99
13 78
76 20
35 61
28 78
5 70
72 78
16 33
42 90
100 65
47 80
10 54
4 20
41 21
36 52
83 66
33 13
64 51
1 60
52 95
99 54
12 29
74 32
70 72
40 61
72 1
5 76
57 8
31 92
5 89
58 9
68 29
50 70
91 62
99 41
15 84
62 10
26 84
89 15
87 33
36 90
42 73
46 75
91 36
59 51
14 56
20 78
18 63
51 46
37 8
74 24
57 18
20 85
52 86
52 80
51 32
59 74
81 40
67 28
12 6
1 30
56 69
16 29
90 37
17 79
3 35
52 97
94 20
11 24
95 49
9 16
23 81
88 11
67 25
5 11
40 68
28 72
11 94
94 41
6 11
17 100
52 15
81 60
60 9
32 74
22 58
85 37
20 96
7 55
44 7
60 26
30 7
4 23
28 65
95 61
6 15
91 44
7 89
26 31
12 47
12 98
60 75
7 28
95 100
46 55
9 10
21 35
98 86
71 70
12 67
77 39
41 48
48 66
38 56
32 85
39 57
84 8
3 94
74 63
63 19
82 48
15 46
72 97
85 5
39 90
85 14
78 74
11 71
71 69
42 85
81 55
76 1
43 44
80 4
27 22
21 9
98 15
11 44
46 45
8 71
76 27
22 31
14 58
99 78
86 4
85 51
74 6
62 89
80 91
26 4
82 17
57 11
93 77
52 45
61 41
79 18
42 54
94 58
63 83
33 28
48 14
27 34
88 36
96 97
25 63
53 2
22 44
69 16
66 99
93 82
52 71
73 41
95 88
49 47
55 37
81 65
62 14
27 85
58 80
83 27
55 14
73 89
35 54
97 69
70 10
4 63
25 83
50 14
91 78
99 8
41 20
52 94
29 96
67 88
55 30
66 83
70 7
66 51
86 55
55 62
41 74
35 51
22 1
43 80
8 84
63 64
99 4
46 17
76 48
59 33
97 74
49 44
63 92
6 20
85 32
68 13
23 84
35 9
100 31
85 31
32 81
17 25
22 84
99 60
29 79
30 54
77 58
28 96
74 70
77 41
59 88
46 48
87 19
45 41
27 27
45 98
8 50
100 80
98 24
50 42
35 76
22 81
98 32
62 52
59 19
63 21
47 21
85 95
18 53
83 81
18 39
92 46
77 33
39 18
71 92
15 16
60 31
85 10
81 85
61 1
34 54
47 6
23 20
71 66
58 23
72 19
67 43
44 5
70 69
97 60
100 35
34 6
9 72
59 98
26 66
97 62
68 48
86 95
66 22
18 97
95 33
79 7
79 80
61 47
81 23
57 66
73 59
23 23
54 44
36 56
60 84
100 4
83 43
52 100
13 18
73 2
95 84
48 38
44 53
19 3
18 98
12 73
62 5
37 78
52 43
61 31
64 88
24 77
17 85
97 8
39 56
44 57
68 59
86 42
4 80
43 65
10 69
47 4
3 71
45 92
77 75
89 78
89 86
76 62
55 29
53 89
61 74
66 44
33 98
72 58
40 6
68 64
80 43
50 16
36 99
97 85
73 4
2 85
56 13
62 63
62 88
98 37
98 7
36 33
49 81
57 82
74 73
71 62
76 96
38 23
18 7
14 37
83 42
81 27
37 24
28 82
21 53
35 7
1 41
96 89
85 83
74 54
55 45
72 95
52 61
76 76
37 31
98 17
39 50
26 56
60 72
66 30
57 16
74 7
42 55
61 87
92 24
28 6
10 45
21 69
47 16
38 99
91 48
50 54
85 82
61 19
72 44
40 99
64 28
88 50
86 24
97 80
71 33
82 84
15 6
14 44
23 40
82 46
46 19
45 35
2 38
78 8
7 46
47 90
26 54
61 84
17 95
27 44
16 46
70 12
27 36
25 66
30 96
55 9
90 58
3 98
10 31
52 5
57 10
66 53
46 74
91 23
94 21
17 15
94 84
24 90
22 12
53 45
7 49
87 1
6 54
61 9
70 65
24 15
73 44
80 99
31 52
68 87
76 74
60 53
7 30
61 13
93 92
80 87
13 6
59 43
6 26
58 12
17 29
79 26
97 41
48 82
5 69
78 70
67 39
21 56
96 41
51 94
1 59
31 83
59 47
27 11
84 41
62 44
21 25
99 73
82 6
51 6
5 31
70 56
15 78
90 9
56 92
98 42
99 98
69 44
84 89
97 65
92 5
63 97
62 47
2 68
2 20
11 39
83 6
55 73
6 79
20 58
38 12
14 46
21 50
88 26
80 71
89 58
63 47
16 32
38 90
50 38
47 81
77 99
11 31
26 46
39 9
57 67
57 46
51 3
86 96
47 62
63 3
79 19
28 80
5 45
11 68
93 31
64 97
63 94
28 84
64 90
41 36
46 52
15 72
73 91
79 2
99 36
41 44
9 83
59 1
70 55
100 49
8 59
57 13
46 68
29 44
25 93
78 6
81 37
42 26
14 43
78 94
36 70
2 86
99 5
3 41
97 18
59 38
13 23
5 22
12 77
34 16
22 53
62 38
35 40
76 57
33 46
32 59
98 71
47 41
95 5
73 79
34 91
44 26
37 83
88 57
96 57
22 80
81 80
51 24
61 55
100 39
73 69
19 16
13 30
24 11
48 80
15 12
68 27
2 50
73 51
86 41
27 20
93 80
81 74
76 24
7 51
23 52
87 48
44 75
8 53
89 100
79 41
10 32
68 30
86 40
48 69
57 96
98 19
42 95
74 91
51 8
92 15
66 87
77 8
43 92
7 41
92 58
27 80
99 43
4 49
3 29
56 11
4 89
67 31
76 11
82 75
50 49
64 55
100 83
72 90
26 96
86 44
71 25
82 81
51 77
86 14
19 59
84 29
30 32
35 13
74 76
99 76
64 79
82 56
22 52
57 64
26 90
62 1
61 7
45 27
52 39
64 60
88 48
29 21
37 55
94 2
29 15
26 39
19 66
1 43
90 91
10 11
48 73
61 58
83 62
35 6
95 12
40 76
99 100
75 77
56 6
76 90
73 85
13 97
89 69
64 59
61 40
56 34
87 76
12 38
59 3
22 64
15 40
42 92
25 26
26 35
79 14
7 87
92 22
50 74
13 15
46 85
47 14
63 66
49 74
11 61
77 12
10 65
92 89
25 21
63 98
83 18
81 93
88 63
37 75
69 55
42 46
33 44
53 97
15 32
48 41
91 32
27 100
1 67
18 51
14 60
73 86
34 11
11 65
53 7
14 1
16 70
28 8
88 43
34 70
74 51
74 61
21 90
67 86
68 90
46 4
55 80
45 10
14 86
63 12
44 64
50 15
24 78
7 15
79 88
5 64
17 40
55 56
86 57
63 58
67 83
89 21
7 32
83 78
40 97
42 7
34 73
84 45
85 22
39 3
51 91
95 13
17 89
56 72
40 22
65 74
3 83
13 44
50 73
46 100
61 54
16 5
26 62
94 3
29 2
82 92
45 8
84 39
35 26
63 90
6 7
75 59
27 10
56 88
63 100
44 46
67 27
48 87
14 48
50 13
59 40
15 33
53 95
62 42
23 19
32 3
8 16
33 51
22 15
14 91
7 84
49 50
25 33
29 52
1 69
42 66
78 1
14 80
54 31
36 71
64 39
72 29
86 51
63 73
70 77
76 49
95 41
97 71
50 99
12 17
86 30
9 56
25 99
13 2
64 86
53 85
94 62
31 72
64 92
34 5
16 41
59 85
32 45
28 18
94 55
88 25
67 77
72 30
14 30
61 75
66 2
46 26
18 96
51 86
98 54
94 94
51 56
80 41
79 65
44 47
98 65
81 4
94 43
66 89
65 81
45 85
80 36
32 12
13 50
54 37
76 43
58 87
60 73
1 33
17 6
67 13
28 86
43 37
82 52
70 38
42 93
25 38
6 50
24 74
11 57
33 99
65 88
21 66
26 7
44 17
26 74
6 86
86 70
90 1
62 80
80 30
47 9
46 42
56 14
81 100
95 32
24 2
21 81
34 56
20 76
68 35
22 40
21 12
12 86
47 72
9 57
51 33
20 82
72 24
51 85
89 96
51 96
81 61
98 38
1 86
12 70
64 2
47 87
23 64
36 32
85 89
60 66
22 90
3 20
56 79
55 28
95 63
32 26
74 28
2 39
23 22
45 15
50 33
58 67
43 61
55 70
23 10
93 9
59 23
82 30
74 75
16 50
77 97
39 37
73 35
59 72
33 17
44 35
40 34
29 36
72 45
8 48
49 36
23 13
50 43
17 93
72 20
94 28
9 18
15 9
21 93
55 26
7 79
86 79
89 9
80 69
67 97
73 92
25 25
10 90
75 13
66 80
86 13
32 20
81 49
7 92
40 51
77 63
82 3
37 54
34 40
11 55
63 72
63 96
1 40
46 43
13 98
51 51
16 76
42 87
84 63
88 47
8 88
20 12
22 22
57 33
30 40
7 3
45 36
4 19
24 12
50 88
74 9
94 47
78 81
42 81
80 9
54 48
28 58
50 77
54 5
97 31
53 30
29 43
57 86
60 2
95 51
61 25
44 9
73 61
24 31
6 48
54 68
60 90
72 100
90 30
82 100
40 78
5 20
61 29
95 66
75 94
24 33
15 68
83 22
43 10
14 84
70 63
64 38
8 7
77 82
30 71
91 99
11 92
54 64
88 21
81 82
1 87
33 23
59 8
77 85
6 12
35 50
82 65
18 70
6 98
92 83
80 53
45 38
63 43
99 9
26 77
53 91
95 76
54 57
83 90
96 37
30 80
70 18
65 77
15 77
75 72
58 78
100 87
3 4
47 22
45 42
57 36
64 34
43 43
36 74
23 30
80 93
76 95
61 34
95 79
52 6
96 7
18 47
94 74
13 17
40 17
83 35
52 48
98 60
92 13
63 91
99 77
16 19
81 15
3 75
64 65
2 83
24 19
19 98
74 66
5 80
17 37
3 38
79 85
25 31
31 32
68 77
22 89
66 66
24 34
70 33
24 45
10 78
94 44
5 47
42 62
54 38
94 27
43 3
83 10
98 20
14 27
97 79
15 14
68 55
53 43
87 23
12 63
64 58
91 27
25 77
94 89
8 67
35 55
49 7
93 94
91 72
2 18
98 57
35 90
84 5
65 7
72 23
52 79
91 69
25 36
67 21
70 83
16 64
94 1
39 74
26 16
51 75
30 12
87 8
40 26
82 34
46 94
48 2
28 26
83 29
29 97
37 81
75 41
25 90
73 30
54 99
52 3
7 48
91 61
97 30
27 89
96 71
90 93
84 4
75 86
67 95
3 52
86 21
28 53
81 99
78 28
73 76
21 10
37 18
3 80
85 26
78 26
97 64
87 95
25 88
70 17
8 93
37 38
92 23
29 51
59 5
19 82
78 79
8 62
36 55
8 3
96 45
22 30
21 54
93 59
18 60
40 1
82 36
46 36
91 96
55 22
73 64
43 34
34 9
21 91
25 51
85 35
15 51
55 90
60 46
60 51
92 33
2 52
54 20
88 97
48 57
70 36
79 94
28 70
15 48
75 43
23 90
5 1
91 16
36 60
60 60
44 48
42 49
26 34
23 24
87 88
83 86
77 52
88 37
30 20
96 81
40 36
92 85
38 33
86 78
67 46
79 86
55 68
47 12
94 6
23 80
49 35
55 53
45 17
17 88
54 76
97 83
77 77
89 41
78 36
46 51
38 74
68 82
71 32
41 4
44 24
56 4
32 44
91 77
68 70
91 94
34 3
60 27
73 7
28 94
93 55
95 42
23 77
85 41
69 24
48 9
85 34
45 63
50 97
44 8
74 81
25 55
39 36
4 88
68 47
10 17
18 14
93 33
78 5
21 94
38 34
95 7
90 59
11 40
35 74
38 71
44 99
92 8
45 34
78 56
60 88
5 17
16 55
46 73
30 78
5 35
12 74
79 3
27 99
14 67
48 44
18 83
79 70
10 49
95 91
96 9
80 60
79 63
77 4
13 75
30 1
99 48
12 16
5 50
89 23
39 25
1 91
97 7
94 86
29 88
59 45
2 94
3 43
88 66
19 33
16 86
33 67
13 93
99 56
10 33
88 71
31 94
25 34
43 5
4 60
90 43
14 64
86 80
21 29
36 40
89 4
74 62
3 68
90 90
59 96
94 87
73 38
57 56
80 61
63 53
57 69
39 7
56 73
92 67
7 74
17 74
95 48
98 9
79 71
82 62
88 58
52 36
66 43
79 74
4 25
24 76
62 39
28 32
50 69
4 32
58 64
55 61
29 69
20 17
93 57
77 17
36 10
30 24
99 15
79 5
30 49
75 23
95 11
9 59
67 19
19 87
29 81
94 22
37 86
65 3
3 57
41 58
59 9
75 50
93 26
5 2
11 20
75 62
77 24
44 51
44 86
93 20
58 17
75 33
5 81
72 73
33 45
1 93
41 32
67 15
22 68
69 57
77 92
28 25
60 17
58 15
78 43
40 29
72 77
40 71
49 66
27 47
53 90
73 15
12 89
71 95
33 37
67 62
90 34
72 32
13 10
28 12
38 61
56 21
54 6
12 59
80 39
27 88
42 52
43 97
19 20
47 76
73 40
99 18
6 97
46 87
86 76
87 57
48 96
32 7
54 34
82 45
44 16
97 42
52 72
2 54
71 75
35 15
19 36
51 98
94 66
15 8
38 29
91 13
7 72
57 39
91 51
64 31
93 95
37 71
92 70
40 11
20 44
100 43
59 57
43 17
79 24
85 15
19 42
64 75
91 9
32 9
55 10
59 24
21 39
94 91
81 19
96 22
87 69
52 91
78 85
34 52
78 99
38 96
81 39
55 59
10 2
98 89
3 55
54 28
83 82
37 64
42 48
28 73
70 50
37 84
9 80
99 25
78 95
55 100
67 53
43 82
72 42
8 86
52 64
40 72
87 59
70 1
69 36
22 36
84 92
76 33
66 100
90 66
1 68
32 2
26 57
23 14
37 40
30 13
50 51
57 28
35 87
7 34
28 20
2 2
7 2
23 82
88 45
6 69
6 60
9 74
5 16
13 81
85 100
45 16
44 15
61 65
25 67
60 69
62 28
79 56
25 10
61 89
58 97
35 24
5 29
54 93
47 49
32 73
41 47
1 96
82 7
10 23
80 2
40 92
69 64
70 20
35 32
44 84
97 33
69 23
80 24
71 86
64 11
61 91
88 84
47 29
59 52
11 42
97 37
100 60
24 42
76 58
33 6
43 58
6 1
97 39
58 75
57 41
25 65
39 16
54 39
61 4
13 13
18 62
90 51
7 98
5 23
55 3
34 53
85 43
13 1
87 47
2 4
97 94
70 54
4 39
19 7
6 49
19 4
62 73
98 99
77 20
5 51
39 13
32 99
24 16
27 9
92 90
47 24
92 64
40 75
99 12
93 67
10 30
11 97
73 47
49 100
93 87
35 93
81 95
88 35
90 62
62 31
100 15
44 14
7 78
60 76
54 77
5 97
23 87
41 55
88 61
20 53
94 33
37 10
20 90
98 81
47 39
54 54
57 27
72 37
3 96
12 50
45 48
5 95
50 79
12 32
47 73
59 26
27 37
70 46
48 56
25 86
62 29
57 57
99 49
83 92
21 45
21 19
27 56
21 72
68 21
45 82
96 60
19 29
71 49
86 88
88 46
98 46
16 91
87 43
45 20
63 30
32 94
31 33
71 87
80 42
72 8
23 25
89 1
4 74
97 51
49 60
93 70
93 37
68 37
43 47
26 14
82 27
82 99
94 39
78 72
27 93
25 44
73 17
84 28
45 88
55 35
41 52
35 83
51 43
28 38
63 87
66 77
42 23
6 51
55 24
40 100
87 27
82 37
10 35
90 95
55 40
67 51
63 31
57 3
31 79
67 91
37 41
67 20
1 99
18 74
7 70
35 33
34 78
65 46
9 23
86 27
44 38
9 95
53 27
80 68
4 67
53 67
25 16
22 33
64 7
71 80
21 20
13 51
75 32
82 57
29 93
65 79
10 91
33 80
88 60
63 40
8 87
70 99
87 29
16 85
19 90
56 19
89 64
97 86
73 32
36 11
87 7
74 8
69 68
56 98
99 17
4 38
15 90
65 37
77 25
100 88
92 88
58 5
66 31
62 49
79 76
61 78
56 54
20 42
45 69
43 8
39 33
99 61
93 93
71 3
2 43
46 83
67 32
46 84
21 58
85 3
22 8
91 21
12 13
21 99
32 32
76 53
52 16
95 50
70 95
62 13
48 90
23 86
93 64
62 34
74 94
57 68
96 38
84 35
36 18
53 82
19 27
39 67
41 93
53 96
41 95
39 40
29 20
84 74
65 80
36 30
56 95
68 80
52 41
43 29
42 72
32 36
30 38
86 7
52 26
96 61
87 97
37 98
62 48
72 53
86 82
2 66
100 3
76 67
3 81
92 32
33 24
84 65
64 37
85 75
76 28
68 74
90 48
22 71
15 42
17 44
64 3
46 67
14 40
92 6
32 1
26 23
94 52
47 97
83 65
53 5
58 69
38 77
77 50
11 56
14 63
4 37
63 78
98 85
13 25
84 90
17 81
23 62
21 71
86 5
1 92
75 7
95 25
100 34
74 35
7 29
53 53
33 47
41 24
11 60
52 21
4 84
23 69
25 17
73 94
56 15
45 56
57 76
77 13
39 97
73 100
8 32
52 59
18 50
49 32
6 19
43 90
82 78
13 66
58 32
59 76
43 70
28 48
46 8
55 75
50 68
48 20
23 26
66 19
24 9
49 45
21 8
7 75
30 22
52 32
59 6
43 49
67 38
8 24
61 15
31 97
23 94
90 83
42 80
9 24
99 26
83 69
21 83
68 78
9 15
52 85
44 83
9 38
27 14
32 55
62 2
38 57
17 23
27 60
60 11
30 21
85 36
72 12
82 89
81 71
3 47
21 41
46 89
66 73
48 22
14 5
85 62
31 98
38 47
96 18
1 10
36 9
49 70
27 32
21 65
8 29
91 42
94 36
31 6
26 13
89 82
15 21
2 14
80 52
1 85
46 2
16 60
81 96
13 20
89 97
88 87
23 46
89 92
83 1
71 89
26 50
77 67
54 16
99 87
70 53
33 94
84 1
50 19
15 25
32 37
92 100
57 100
72 57
52 11
29 76
56 86
32 10
86 36
32 53
49 27
11 84
74 69
48 40
22 6
54 10
44 68
73 11
61 46
5 4
8 51
87 86
72 83
25 7
62 64
1 56
20 77
70 58
82 28
98 66
17 96
21 3
71 94
84 17
94 38
27 63
23 34
1 72
23 28
37 99
38 39
82 82
38 63
74 99
79 62
78 59
50 63
21 18
21 82
76 100
92 21
29 16
48 95
38 95
70 26
68 14
64 19
20 59
80 90
65 1
29 46
32 61
11 3
66 11
37 100
34 94
96 13
21 32
63 16
61 37
44 98
99 47
24 56
6 55
51 44
99 52
50 47
32 72
4 48
81 3
14 65
29 8
92 11
37 50
70 88
47 85
76 12
79 36
72 81
34 55
81 52
27 72
99 62
83 50
42 30
8 34
79 91
7 90
71 31
37 39
40 59
41 65
21 60
90 85
86 72
15 28
95 34
60 81
40 16
64 96
56 23
9 30
88 15
66 58
46 27
45 12
46 10
26 8
47 38
48 35
4 79
48 50
60 80
9 81
94 99
17 72
21 4
29 83
100 29
24 93
8 99
87 39
34 50
73 88
47 52
62 95
31 39
15 63
91 100
19 32
72 76
15 4
69 58
99 75
100 55
53 78
2 93
58 52
63 38
2 22
84 14
10 28
97 92
79 55
70 3
62 94
68 17
21 73
44 69
69 6
2 91
37 12
9 64
6 74
13 12
74 98
21 43
56 64
72 79
1 4
37 95
99 44
41 15
79 79
58 13
99 92
52 90
25 47
96 4
45 83
52 60
23 35
85 57
56 1
25 73
85 63
75 76
43 88
15 13
98 48
39 54
22 21
61 72
72 62
23 54
88 89
53 40
2 55
63 33
3 27
10 4
26 83
2 98
21 80
50 87
87 96
44 39
1 97
69 21
96 58
96 87
100 64
4 6
7 17
100 53
85 69
58 30
40 93
77 86
86 56
77 48
32 40
49 92
9 46
10 59
84 9
14 47
3 51
90 56
60 93
60 40
99 3
75 91
84 43
76 56
78 83
15 23
99 59
87 34
60 18
25 13
100 73
28 87
4 57
95 2
48 27
13 5
5 43
45 84
84 19
86 2
21 100
9 8
81 75
35 99
59 56
39 22
94 69
79 84
51 28
37 42
47 67
82 33
90 15
58 81
19 69
10 3
37 21
49 33
33 89
25 37
38 44
18 54
96 74
13 53
86 43
82 74
47 65
28 40
97 9
23 53
14 55
96 39
50 64
72 21
5 42
6 24
28 60
7 71
21 78
77 83
65 100
34 18
5 9
67 44
91 2
26 5
47 75
27 35
10 86
29 7
88 16
92 65
14 22
9 65
18 90
61 2
25 97
18 13
12 31
97 17
73 13
35 64
83 97
44 65
56 10
19 22
26 24
81 18
31 49
80 34
48 71
99 24
93 56
77 35
87 13
2 34
68 15
29 61
59 69
77 42
100 59
94 97
100 79
70 13
87 60
16 12
91 25
22 19
54 90
81 13
88 18
12 37
48 34
46 20
42 28
40 10
95 44
33 1
23 70
30 97
74 1
49 10
71 24
53 6
43 23
72 69
69 85
30 83
46 5
8 27
24 88
53 10
69 15
46 56
68 93
68 4
94 40
58 62
61 8
61 93
1 5
40 42
41 98
68 56
53 92
72 41
99 32
30 39
71 52
14 32
59 58
57 14
89 10
72 13
86 23
13 42
19 63
42 45
27 38
48 78
92 39
2 47
37 44
80 46
61 10
37 80
88 52
39 94
33 10
71 100
98 27
99 50
77 47
74 77
11 49
32 67
38 68
81 79
51 59
34 36
11 52
74 78
40 49
22 55
22 13
31 66
41 51
39 82
21 14
6 30
13 55
44 70
65 58
14 82
77 68
26 63
83 53
64 22
71 41
21 31
98 63
66 39
72 31
18 19
73 68
46 60
28 61
7 93
12 19
61 22
95 65
17 28
74 52
27 40
44 33
54 32
25 62
9 47
39 51
1 73
46 24
88 20
65 28
34 61
43 75
53 32
99 93
90 33
90 80
5 62
35 16
52 22
76 34
9 82
24 70
36 29
61 20
33 77
89 22
89 72
43 25
8 21
86 65
90 72
93 49
2 12
28 71
30 43
30 57
100 58
35 62
8 69
39 93
43 94
51 97
79 58
58 29
83 47
37 33
25 58
14 85
1 26
65 22
24 55
18 12
24 61
56 76
76 8
68 84
10 68
54 88
64 70
46 59
24 63
35 47
38 80
96 11
65 44
72 70
22 62
41 86
90 35
9 55
66 33
53 55
65 42
75 73
20 84
38 37
87 58
67 89
83 7
12 68
75 19
38 88
31 100
20 93
99 16
49 72
97 36
97 98
90 16
2 65
46 97
22 42
86 81
42 42
34 93
71 60
31 45
15 30
93 30
71 23
19 55
35 73
29 53
59 25
79 73
74 43
64 18
35 79
78 91
38 48
31 78
26 65
99 7
2 27
62 4
80 37
8 92
46 53
5 25
35 10
86 85
9 35
64 45
30 90
58 47
22 57
78 60
76 40
62 50
19 1
68 61
73 82
64 73
32 11
25 28
34 99
89 35
66 6
23 85
96 48
10 27
93 16
71 59
45 87
32 17
3 5
42 6
77 44
61 61
87 99
3 23
4 55
19 38
52 55
76 19
79 69
53 19
9 63
8 55
41 54
75 61
35 72
77 70
45 37
49 11
75 2
68 10
44 66
45 60
70 86
19 85
22 92
12 51
53 87
92 14
76 81
44 36
34 20
3 76
69 28
7 88
65 65
51 38
97 3
84 60
31 82
43 26
97 38
4 52
1 2
36 51
47 19
21 17
84 31
82 61
25 95
41 94
65 68
66 55
65 50
36 4
51 12
63 41
23 73
95 54
82 19
36 50
67 2
16 40
65 96
38 59
78 58
13 32
73 67
74 2
88 17
13 7
37 63
38 62
45 91
45 74
31 58
20 43
52 10
67 74
95 9
68 3
16 14
4 35
54 63
74 3
80 44
52 52
14 50
64 80
95 97
10 19
41 26
74 83
44 80
1 37
18 67
76 71
66 60
34 25
24 52
17 56
79 98
65 47
64 23
87 38
60 38
49 4
4 99
88 29
20 1
33 84
61 33
81 69
85 53
76 16
54 26
89 8
93 38
63 84
99 13
87 9
19 45
26 93
94 46
74 26
96 78
93 5
1 58
15 83
31 55
92 43
89 52
57 21
61 95
77 43
75 100
39 53
30 59
30 14
59 82
76 17
89 81
99 95
63 32
72 71
86 45
96 67
54 59
69 29
89 32
74 34
94 95
39 19
35 86
72 38
51 11
73 80
94 85
72 50
100 9
60 19
13 38
87 54
55 11
7 21
85 87
67 98
58 35
87 2
59 75
19 62
11 63
100 1
49 79
61 30
27 30
61 26
97 52
90 54
24 6
94 12
25 72
86 75
6 47
50 11
53 22
5 36
67 5
71 50
92 84
18 34
79 78
16 43
37 15
93 85
6 81
27 69
90 49
87 14
50 78
81 31
69 81
75 80
9 4
