100 800 100
57 33 19939900 2
55 94 51834075 2
70 61 34290272 1
92 100 83717554 2
84 65 93335790 1
29 92 72127338 1
76 1 9142898 2
77 51 24575526 2
89 16 31620549 2
35 35 8669536 1
86 88 180785 2
73 11 65702096 1
7 61 58181387 2
83 50 16180149 1
50 85 21730110 1
76 12 73924706 2
98 73 49254616 2
11 82 73576719 1
34 89 61899428 2
98 57 48802436 1
11 15 41781130 2
86 18 9893624 2
92 12 7711149 2
59 38 27037394 1
96 76 58732308 1
99 62 28240849 1
87 77 42549431 1
39 4 53788101 2
34 44 10345436 2
88 52 95972271 1
90 1 29068777 1
99 55 13947702 1
17 90 99083947 2
84 42 33819308 1
39 15 79766358 1
1 18 96874814 2
2 86 18360152 2
43 84 19055885 1
69 32 2024172 1
86 94 91796714 2
99 41 57260810 1
29 51 55581516 2
56 87 26458490 2
15 26 22196041 2
82 95 62453322 2
10 11 9288548 2
8 41 77264665 1
38 19 39415137 1
45 11 36042177 2
54 15 76969055 2
29 38 57667383 1
53 28 77702374 2
66 6 33395076 1
21 96 89113587 2
51 69 55384560 1
83 10 77886683 1
31 87 24182842 2
55 61 35778201 1
11 7 60690978 2
95 85 28032483 1
34 63 32083580 1
80 31 7970875 2
91 15 44330297 1
51 12 68437242 2
94 66 9084466 2
5 77 23246336 2
84 14 25796014 2
46 15 90702315 1
67 43 33336626 2
76 24 54925400 2
87 83 15904090 2
20 28 98142629 2
57 67 57133129 2
10 36 12550142 2
10 67 78329330 1
5 17 23260528 2
92 33 40007474 2
76 80 56409109 1
11 21 81207978 2
69 82 77444170 2
24 30 79100670 1
84 88 95772835 2
52 62 16700278 1
72 92 72849707 2
65 53 43875785 1
56 25 52819397 2
55 58 77895728 2
22 46 40830154 1
67 79 9681400 1
35 31 83006717 2
3 88 19203763 1
15 61 65764339 1
2 7 1620664 1
5 78 79436513 1
87 9 23083373 1
56 97 17959592 1
31 70 24947130 2
13 64 77856170 2
65 24 96050989 2
15 53 77267538 1
84 40 51466785 1
1 12 52962997 2
76 14 55181863 1
29 74 9731714 2
34 64 87704556 1
12 68 15346403 2
20 10 82144159 1
63 55 83268204 1
94 51 52856916 1
30 9 55092680 2
1 89 49852147 2
7 45 78490815 1
98 100 57942263 1
95 74 53325531 1
91 27 30419109 2
75 87 31187654 1
48 56 89476964 2
99 99 53478512 2
42 19 82093350 1
26 98 40492955 1
83 82 5340038 1
63 62 15530592 2
42 70 4246416 1
55 62 13244921 2
58 15 10903781 1
17 76 6233384 2
12 35 15058843 1
84 10 94418878 2
79 38 74794749 2
74 52 13737898 1
98 3 71823930 2
8 27 9508063 1
57 88 79198713 2
79 44 58784134 2
33 57 22006974 1
87 20 79640013 2
76 77 97630681 1
10 92 91202644 1
70 26 49955258 2
1 98 30431197 2
20 12 50037909 1
20 45 14349856 1
75 77 69283544 2
42 12 54279394 2
65 6 57249950 1
14 3 40577345 2
38 67 88928586 2
30 11 33692163 1
39 2 23537773 1
11 5 42836682 1
34 68 84368107 1
85 3 68202312 1
78 61 74378267 2
54 64 3263455 2
82 71 52574295 2
59 23 92694148 2
11 63 26186123 2
57 7 40449750 2
68 65 3502685 1
49 55 71896363 1
72 27 55890888 1
47 47 68497778 2
19 25 61155593 1
33 16 61349654 2
62 89 49875927 2
92 44 6416229 2
67 64 81049952 2
80 82 55710032 2
30 30 55695488 2
20 81 7808784 1
36 1 82292463 2
23 56 57804895 2
46 82 34886365 1
59 90 56501721 1
18 57 90101008 2
88 63 8010308 2
96 48 89784664 1
73 88 6702030 2
81 68 99140564 1
53 27 34131986 2
62 81 40590206 1
18 35 61176149 1
5 41 31709024 2
29 91 44480303 1
94 88 93135965 1
86 82 61484722 2
26 9 92726841 2
47 27 29056010 1
91 34 63788630 2
57 70 76630940 1
5 7 56428862 1
89 48 32097538 1
65 99 24574375 1
28 35 1010168 2
28 64 8651267 1
22 30 59504413 2
63 46 43192048 1
5 84 87176806 2
12 59 31811575 1
90 32 87840120 2
87 72 90824271 1
94 41 30950534 1
42 89 17565254 1
5 39 77316912 1
24 64 70746899 2
65 39 99305486 2
8 17 16674034 2
79 42 33007414 1
78 19 94534525 1
40 70 49280457 1
80 64 99374159 1
40 30 65275861 2
94 8 81391825 2
61 57 5944730 1
44 42 47923573 1
60 67 58401835 1
74 24 73055116 2
74 17 55872349 1
58 74 40671141 1
63 92 65345889 2
39 50 79109114 2
30 1 69653711 2
9 57 96422838 1
66 37 45801444 2
85 35 366672 1
1 10 33530255 1
65 6 17462519 2
7 44 3601781 1
13 91 27730775 2
38 71 1851709 1
70 82 84135449 2
83 46 62558752 1
21 13 68094331 2
59 93 49245879 1
4 64 40547939 2
35 34 17916340 1
66 54 29043679 2
11 32 57805237 1
27 1 7819092 2
77 58 2403466 2
61 69 37640216 2
82 99 71262516 2
19 77 80661167 1
67 94 44601566 2
37 67 60616565 1
1 91 89215842 1
96 11 25173855 2
8 63 69174954 1
93 23 7825279 1
14 75 17601072 1
30 44 93167495 1
95 32 15256009 2
7 70 92711372 1
54 72 69955481 1
41 63 10707072 1
74 79 43589563 1
78 23 98944481 1
25 97 73675789 2
86 49 540031 2
44 89 77179398 1
46 27 39482278 1
48 11 44671492 1
19 53 77662680 1
53 1 16521088 1
87 66 12724279 1
61 46 29277606 2
74 28 47805364 2
85 92 86237147 2
45 35 2527916 2
86 13 617531 2
93 5 76123310 2
80 97 43300073 1
60 11 86305876 2
1 37 91957983 1
50 57 70722456 2
46 34 45679760 1
40 89 55187549 1
100 93 85261219 1
95 44 48464031 1
71 75 3884221 1
41 22 21205372 2
90 18 44944093 1
50 97 87507441 2
68 21 5517237 1
55 54 90325188 1
18 51 31094132 2
18 89 34192037 1
15 48 14920446 2
83 84 78110770 1
14 21 7543587 2
15 99 24348010 1
1 47 27552117 2
95 68 25308537 1
69 99 36034953 1
100 100 60775517 2
63 75 53208899 1
96 15 11924783 1
95 94 29338923 2
11 11 45436289 1
11 75 5934778 2
71 57 66866637 2
20 94 51533075 1
79 21 9677147 2
91 100 36518632 2
22 21 2840973 2
20 34 94181995 1
13 26 2846106 2
81 21 11691900 1
71 32 83220727 2
39 71 51856341 2
51 65 27438485 2
95 19 30227170 1
49 53 29018318 2
85 56 75831346 2
18 43 20719366 2
36 78 75650009 1
55 9 95831844 1
83 46 86164595 1
98 11 47219582 1
43 49 3096966 1
35 40 49711028 2
63 28 85536672 1
15 70 12971564 1
70 53 37195836 2
60 33 88487137 2
98 27 31898326 1
86 39 18288144 1
12 13 27832323 1
46 61 98198640 2
1 99 95753331 2
97 11 30273647 1
41 2 92522423 1
57 47 56133890 1
82 43 40769569 1
22 97 60407220 2
69 99 10891273 1
29 56 8754772 2
79 7 34071478 2
55 70 63032880 1
100 1 79917675 2
54 59 83893891 1
86 77 30031373 2
42 50 87241708 1
74 67 77143415 1
52 29 51316352 1
73 6 24431347 2
62 44 45461140 1
16 2 57157037 2
100 81 89138490 1
75 85 33625972 1
7 21 35030530 2
16 86 62477282 2
68 20 30886100 2
32 60 36537127 2
80 76 74205811 1
39 22 58072727 2
45 58 11120242 1
72 95 60606187 1
63 86 49714008 2
82 71 51686305 1
100 70 91204436 1
86 39 87611113 1
19 10 7758913 2
27 72 59329134 2
35 5 18192331 1
48 24 53042559 2
4 49 13630750 2
60 58 39153485 2
52 2 88614639 2
30 17 96039490 1
22 19 26827138 1
27 44 12607786 2
41 34 21554042 1
22 30 28296606 2
66 31 3747520 2
62 19 9152793 1
20 72 21272078 2
37 37 13447494 2
10 82 6851023 2
24 71 94330606 2
64 9 3402015 2
15 39 36376173 2
15 43 16380845 2
52 87 54118402 1
5 88 97852093 2
52 87 27644135 2
61 43 27495728 2
8 80 78231377 1
26 46 53707356 1
97 7 18784084 1
41 53 20269596 1
51 93 91901531 1
9 19 51536455 2
64 55 62098343 1
1 82 59894872 2
85 87 57761803 2
21 34 86326124 1
63 56 48372727 1
55 85 40482854 2
90 37 20746063 1
62 60 7244092 1
60 98 95031841 1
29 75 85405951 2
42 96 10501890 1
20 100 60553665 2
65 84 1586098 2
41 84 83428095 1
49 44 83815395 1
40 67 18151071 1
49 71 26723527 1
46 95 62847718 2
68 76 86365300 1
56 89 27805175 2
27 70 49442703 1
43 37 43541632 2
45 4 13978018 2
81 13 43787649 2
29 82 4435944 1
38 25 91770860 2
21 53 95717687 1
68 39 86694423 2
34 35 6567767 2
86 36 16754157 2
13 19 67337056 1
83 56 95146602 1
26 88 26924164 1
67 61 2456577 1
23 9 58775862 1
99 72 17673530 2
77 53 68044018 2
89 69 75685735 2
49 64 56224127 2
13 46 19539241 1
71 51 68312349 2
88 88 3715428 2
1 52 98634346 1
8 47 58616284 1
92 38 61999485 2
16 13 73419438 2
97 32 98627966 1
27 18 45330145 2
64 41 87759920 1
18 9 53804827 1
48 28 93316119 1
16 32 10738589 2
84 81 80624694 2
100 43 95664702 2
57 13 62980003 1
34 77 77232266 2
38 22 39966090 2
31 60 38797962 1
2 87 45340284 2
29 64 15886621 1
3 79 55293984 2
92 59 55515377 1
50 69 57969488 1
21 46 88987971 1
100 60 40071728 2
65 85 75602180 1
53 80 18550049 1
98 70 85916174 2
83 90 43067444 1
24 33 88526643 2
27 27 31909815 1
80 81 49412414 1
78 17 47522987 1
31 80 5123428 1
84 71 81715812 1
59 22 47381794 2
24 56 62351106 2
100 98 35432289 1
97 16 76851045 2
27 82 88433688 2
36 28 50075631 1
37 26 58080132 1
32 69 29214988 2
40 68 44702497 1
64 4 46799861 1
92 53 74426141 2
58 83 85958040 2
79 65 66726074 1
19 25 96508983 2
20 94 34795604 1
15 13 19726892 2
38 41 37829962 1
65 46 47880524 2
33 6 98722060 2
64 83 58423827 1
62 99 93127569 2
46 84 15079999 2
51 80 42520296 2
51 19 64989863 2
12 40 73491542 2
6 15 92351716 2
98 73 43001775 2
50 63 18966913 2
26 19 27121205 1
25 18 7680097 1
38 21 75775985 1
95 55 11409700 2
82 13 99682921 2
83 38 7588129 1
71 35 72766602 2
12 80 55592721 2
87 61 26075468 1
44 38 37042838 2
5 68 11262575 2
8 94 37832397 1
88 68 8419487 1
16 87 6377614 1
33 79 4951680 2
63 32 6491894 1
59 13 43066465 1
96 72 26734339 1
17 9 67697716 2
16 98 95413436 1
35 9 9593424 2
82 10 3478920 2
82 77 33984077 1
37 62 8419009 1
52 56 75844555 1
83 49 31785568 2
13 36 17548053 1
13 57 70713069 2
90 69 85089537 1
16 56 71678079 2
36 81 25756133 2
68 18 26504444 1
21 1 19892203 1
75 32 29169043 2
17 29 54531812 1
42 71 23163097 2
93 67 34577959 1
86 36 49081490 1
3 88 80639012 1
36 60 75066827 2
6 84 19116831 2
24 25 45090303 2
61 81 65888919 2
24 14 80084840 1
1 32 77576299 1
85 10 95047786 2
69 49 23224145 2
71 61 22136642 2
76 34 92018720 1
28 4 88805432 2
66 59 4115488 2
81 72 58933145 1
20 90 52221394 1
23 70 18661801 2
92 64 84666926 2
71 20 99402342 1
2 29 8597494 2
73 49 15266284 1
55 39 16071313 1
87 64 30640724 1
60 43 64601471 1
90 9 44856463 1
75 13 88872557 2
63 65 59463945 2
16 15 49119042 2
6 93 39856928 1
48 2 91525900 2
45 18 10366707 1
60 78 77088809 2
69 54 68602278 1
42 53 12555295 2
31 4 22058285 2
70 12 47497611 1
20 99 15087205 2
21 67 72914438 1
44 63 83458292 2
21 67 4016521 2
73 61 6980885 1
89 95 24830609 2
64 26 21371656 1
64 62 72596246 1
93 59 88242743 1
67 38 42191901 1
14 98 49605601 1
85 47 64906533 1
45 14 10460981 1
81 51 30699023 1
56 62 31760462 1
91 19 87757033 1
19 38 41123068 1
81 51 15864380 2
45 27 27195190 2
86 97 15927360 1
44 54 50325625 2
57 77 448258 2
25 84 81788552 1
70 38 67455291 2
21 14 46890770 1
23 78 98995103 2
60 94 18396742 1
95 9 18593927 2
65 44 26392577 1
13 86 51694200 1
15 44 23537743 2
22 75 26259746 2
67 57 28235770 1
93 36 32965762 1
80 11 40406516 2
49 43 24880721 2
5 72 91646110 2
58 97 53971528 2
8 71 83351546 2
45 78 18911329 1
98 63 4938451 1
56 28 90794427 1
24 47 74634967 2
27 4 71886181 2
54 26 58231128 1
59 18 39693570 2
86 88 3828479 1
69 32 92065921 2
77 90 92441809 1
39 38 96426600 2
23 61 86834793 2
4 51 55154145 2
47 27 60642115 1
32 65 4760094 1
16 75 32197553 2
37 84 8486985 2
36 52 5824703 2
86 83 16476159 1
12 18 92436695 2
27 48 40411757 1
40 13 54958288 1
29 75 16189256 2
38 16 68145177 2
25 10 57725498 2
15 80 62356855 1
5 42 38453606 2
4 64 61454663 1
41 7 96255348 2
49 95 62026082 1
90 43 19484353 2
17 68 40398929 1
34 30 34217008 2
47 82 40978212 2
13 35 96280450 1
29 85 46189972 2
4 97 70762270 1
11 6 24706120 1
96 53 78864785 1
59 70 75735362 1
67 45 34319109 2
43 42 19531394 2
60 22 23884123 1
61 40 43899211 1
35 16 63659283 2
85 59 22991308 2
50 53 57066545 1
58 54 61266367 2
84 50 32027350 2
3 25 82614630 1
29 63 30260374 1
87 65 46355490 2
30 62 43997209 2
35 95 39187197 2
68 52 76505012 1
6 29 90415343 2
37 17 6084652 1
91 70 94417015 1
85 83 96230813 1
88 49 17739234 1
1 91 64556573 1
82 89 55280257 2
43 41 47698062 2
9 21 31535276 1
38 19 58859849 2
4 81 71217691 1
70 49 45928324 2
62 86 13202073 1
69 81 48952182 2
44 22 28984571 1
77 32 3111665 1
85 96 6483918 1
92 38 21350835 1
44 15 33040214 2
18 21 88995254 1
87 46 29618619 1
17 62 35683464 2
83 48 44765480 2
60 49 88129424 1
61 85 35533912 1
54 92 9018557 2
73 26 64609086 1
99 44 59220747 2
50 85 24274879 1
1 61 9077994 2
11 1 9465488 2
8 13 17680745 1
89 13 27988741 2
77 33 48896427 2
23 36 50855968 2
29 73 45872590 1
60 45 3500866 2
29 2 58066478 1
42 64 25185107 2
51 23 97780463 2
66 30 54659125 2
95 43 39407149 2
4 45 45560560 1
70 96 7295355 2
71 28 34600041 1
66 2 18241669 2
34 78 95526040 1
15 15 18863387 2
55 38 42034557 2
2 72 73240237 2
94 35 5130594 2
96 33 42130616 2
97 69 88137292 2
79 52 35790645 1
86 57 97920243 1
35 81 9246624 1
16 88 44386105 2
13 23 69602572 2
32 92 55516494 2
30 8 52961222 2
17 76 23903805 1
12 88 30485547 1
58 75 22472122 2
83 82 43686902 2
9 61 60044218 2
52 24 82798530 1
23 87 83348239 2
93 66 20588979 2
4 26 41793380 1
41 10 59491322 1
70 27 32744944 1
67 53 40432765 2
50 20 19649673 1
4 23 49454238 2
49 48 3380428 2
31 2 78794324 1
24 6 96009879 2
19 99 85513749 1
11 46 57333033 1
72 66 57313881 1
64 64 12123284 2
64 93 97222240 1
100 4 62346243 1
6 56 64251111 2
16 88 98246285 2
1 26 4577100 1
88 34 82570875 2
17 13 21641303 1
90 56 99130485 1
84 45 1946715 1
91 41 91428782 1
77 5 45596599 1
64 80 99969457 1
23 63 82000415 2
33 17 70318959 2
18 43 15857693 1
8 89 99988218 2
12 99 39530770 2
10 5 55285223 2
85 52 81279643 2
24 27 79451042 1
50 98 11421542 1
83 26 88304645 2
32 79 10993177 2
99 53 57257837 2
84 79 63784430 2
10 15 5568071 1
12 85 38440647 1
5 95 50265867 2
32 28 98719730 2
80 13 94632669 2
6 69 23168989 2
26 35 59532814 2
93 58 78547444 2
42 8 30501090 1
48 52 42150052 1
18 54 39983579 1
27 83 78802414 1
98 99 63395991 1
8 1 55819852 1
5 75 1874356 2
58 99 43352606 1
62 51 97783281 1
64 21 56001587 1
55 4 12039056 2
54 65 30774189 2
44 67 18307049 2
26 20 78303893 2
28 61 33887385 2
36 10 85935066 2
10 40 29204015 2
5 57 19309983 1
68 95 38341399 2
2 66 84782643 2
79 29 29816971 1
44 17 46516880 2
27 66 85051457 1
1 9
1 69
1 79
1 28
1 2
1 97
1 84
1 60
1 31
1 3
1 52
1 63
1 17
1 32
1 34
1 78
1 18
1 48
1 43
1 98
1 82
1 25
1 100
1 8
1 30
1 49
1 39
1 80
1 23
1 67
1 26
1 24
1 66
1 57
1 38
1 68
1 29
1 4
1 86
1 1
1 73
1 64
1 16
1 11
1 6
1 40
1 94
1 58
1 7
1 85
1 65
1 51
1 35
1 90
1 10
1 72
1 77
1 91
1 53
1 88
1 95
1 27
1 76
1 50
1 42
1 62
1 33
1 14
1 20
1 36
1 96
1 15
1 89
1 44
1 93
1 87
1 81
1 99
1 37
1 5
1 45
1 71
1 56
1 59
1 13
1 41
1 55
1 92
1 47
1 70
1 12
1 75
1 83
1 46
1 54
1 19
1 61
1 74
1 22
1 21
