158949209
153105077
120497117
131063944
152843732
125410002
135850149
142013239
164393605
261583721
146847910
151293152
-1
176485972
-1
204709759
213233991
183424489
24552015
86538858
129571765
157677821
68447587
186476533
90718461
118524678
53457245
197652583
173767046
237921307
194355151
85870244
257515850
124985364
94843214
181481686
224236438
226272762
50085959
136446105
143455177
109922853
171907467
0
143524245
-1
-1
138211862
93111974
201234016
233777195
128272769
122096503
329853683
113716664
131332993
-1
138914457
113287892
132248416
95577616
275332335
-1
143448499
150484855
168987241
106435075
97028457
203156364
103385477
242287727
71199735
155815220
145060374
209425432
124699704
105784924
154995137
211895645
120755923
182310475
-1
0
106222411
129769501
148195321
151066475
162591091
147374469
104397436
190480987
194339709
178297499
303115956
124572489
304540881
-1
151404175
-1
184724348
147872435
155494029
89061694
169151562
140067884
-1
151797122
-1
230105963
167902855
121894242
163750705
166383475
94528666
-1
259953808
118469118
108226961
143911576
74122004
114613568
182705001
-1
213381763
-1
274694795
153607112
228484094
199252535
151039344
218479424
154607678
-1
162363900
142808329
69523886
146730527
120666267
151831570
134788745
120219183
42656442
115106818
172379301
163727380
218310572
197734506
197766911
139869303
148892462
266223837
150903584
116843006
132818782
96872623
147207024
262867707
265508438
194030988
109978685
-1
140942932
11747685
160793794
136696490
182235980
125984083
284095802
-1
117477001
0
-1
-1
133915250
156739484
179467528
110250248
249481437
209630072
147474181
-1
150678214
161984184
184702458
61360456
109769508
-1
87794095
-1
148614919
-1
190064515
106142093
230407042
120590357
141957293
124123203
98288231
166030188
170221730
98364298
184625095
151541516
211283292
183850916
180456167
175633096
199831386
152302478
108159675
134392305
138092025
142052815
196714711
108579455
124477621
109775109
204320811
125714493
156003420
126254794
182812453
249213967
162299595
75587120
-1
183474090
126769342
223414970
160283878
-1
112293713
173623965
-1
42112413
141017516
131614407
-1
271735312
174380019
232949039
131032472
70478358
111317371
90864719
286244904
158864897
95448660
155755066
171048008
145376437
149468272
164352394
34685207
199870716
191454264
142540164
294324139
-1
156518807
148990893
134365327
149474531
124561669
184722803
-1
192171402
167737947
243934330
165999674
129521558
86946864
152839526
144690197
131814392
149847109
112053799
55408549
176602019
210486281
170931297
-1
126627754
147425910
140850525
151132263
146949933
140001004
111215437
177603830
199706380
120759499
-1
116392260
96787084
91495924
89503688
179448160
-1
148833800
189570200
85204748
137308698
171262381
134465441
-1
132937627
152270061
136318456
95869967
147259337
169405974
128403191
82901086
107522586
224917186
148921317
139246928
181149341
283544188
120234803
153102810
122910967
-1
168614648
116681818
103469549
-1
-1
158329967
-1
123805629
176743289
152183988
208945087
92343252
259291447
143041832
51606127
66714006
190286560
122512041
77058268
238264174
233845591
194666989
132436070
-1
197265955
172946129
75735445
97442755
227577861
106860484
126204950
126379305
138408600
181361116
162048841
189007851
158915134
160833041
302015626
205194102
150219090
145079334
46465875
180359167
124935126
230728053
126330448
152453415
85156824
-1
-1
175959277
146097695
267002741
284928390
108024894
159757832
191857401
229621007
160463403
169507811
204971997
260008431
113762601
201857203
113378475
90669130
209952878
165696120
168975439
189312791
65845868
129765584
-1
85847595
149408985
131174742
56156057
180629019
108862464
169913933
125690928
105724065
225638964
103858657
213987121
-1
-1
176940402
168966835
31568933
125858439
132503893
108742325
140065829
181029417
144091217
163053446
190418185
222225913
144026926
150672881
110489742
230673277
139665290
76702210
57258370
206291472
181403804
118209308
-1
168638884
127854295
0
166186577
94814336
160076491
116283429
270061066
224719592
127453862
122964163
85858438
131743094
141140547
236308628
168962638
73609366
245353118
161490130
104236683
0
39459711
-1
218441246
133822227
237433086
135469803
-1
136156938
146688244
213408915
111691582
114822522
167244796
326846129
83302860
-1
114772586
-1
135331186
-1
142502050
145448366
98987110
356763977
113519912
138395993
188122501
69708949
149951715
126731600
5694783
184413165
144167403
75283742
168390490
169096606
170522226
78733492
134184403
182436557
89061835
115175665
210250978
66651380
164842133
164858372
116529606
230850734
156144339
168201710
161598848
146968179
143525042
36999951
121807718
118717120
177699217
230266685
134390704
187676069
218786989
335280683
65143155
-1
90626780
161973697
107283123
171990709
67481915
68046505
250284452
210387376
79585661
154812458
105777881
86987948
131006126
135982607
-1
-1
-1
156620294
87514535
154565532
-1
224088173
117355707
164597942
-1
135214456
132304886
174139023
117048351
170239966
176352320
102731285
137883947
100222327
189432449
177402922
127410919
208144955
119245430
-1
111936281
78181280
129244198
205813534
288992325
152588062
136068948
-1
157629821
152166383
112840813
175484780
144061699
-1
241696666
-1
107676102
-1
155112468
134362098
171420112
112041507
122973257
105761939
224723867
-1
116838445
86119205
96701853
176427050
164975082
-1
114235160
129289678
107033867
-1
92311051
159772234
-1
169571490
163472250
119343749
223536325
135519922
149255321
196386438
198952675
180882602
252375579
242850103
183292977
135436374
162660423
129178898
138176555
53523195
201409396
-1
126539249
106145459
-1
202197102
61050750
147317890
-1
182703779
154688269
149295367
119202558
152974035
227186816
274260698
107673953
180079931
223483079
124657713
143905019
129095494
108305619
60148307
210313464
-1
153535155
156733658
145880402
118522425
-1
79605994
175995178
-1
135296478
168022543
141089107
142284489
110781573
-1
203209444
-1
228481043
182379649
158558308
-1
242522966
-1
136934077
277106589
183546497
-1
146511093
78155288
84073836
104207348
126891594
137189661
142479771
113794179
0
126631299
82547544
47296489
-1
122078574
137793976
-1
168907908
133318361
141273404
111148674
235301173
143697502
142887279
195429044
93834041
115178795
-1
149693269
255558690
123113521
147706517
118877821
173959353
129086250
184696153
142449116
142640659
121948766
153102121
196604477
155980188
166643823
111734496
185231487
214872813
150966045
284331624
162593293
-1
100852165
132447844
119700957
201284706
254773732
85050396
147211000
148965029
201577198
175369049
195498100
100265877
141003531
81392538
-1
187451819
-1
194679570
110793751
162766965
108331556
177846785
-1
96449234
86251934
155008263
220513111
-1
182001177
170508148
145511243
117116787
136721800
173189774
189790256
50842709
212739497
104366098
-1
176108797
202090354
100808616
303604739
149122714
168688716
163997017
67615184
127156634
283878086
109923927
189750381
183848985
131029609
76411565
220216416
0
179634146
80459311
151560528
-1
75034843
-1
90018992
161064734
226598236
159606104
60383413
246344381
101712139
174464292
-1
217420860
193755168
200831196
124158956
121461611
167112228
196522857
-1
206030490
-1
172683327
73546288
-1
109126908
114262790
94083002
200383628
163733613
171999743
168064398
186269391
155336944
188504580
160557682
78208379
166798448
176445043
18822844
172573724
133915711
117832871
150917053
120141697
170843239
247750153
262798508
123064995
137817141
113725953
198548018
123633737
145432202
174112116
105538991
86999235
155465903
114253320
164074576
173982900
76138298
-1
166129873
122867664
178434871
155925023
58512300
-1
116719975
105644445
-1
182490532
139039147
149218506
154228635
112953815
173040209
133158220
180787327
53379188
112604393
121297338
149478838
162951870
0
-1
262579540
105253676
122845976
108580517
190160752
125685807
165083910
-1
207346205
111343066
-1
166460180
162525785
205002098
131920275
-1
226820221
256121560
221795380
236197876
206614092
31296809
11014245
142927696
128751859
172688134
164100296
138670664
260480951
120005313
182706710
172927746
-1
106602875
87439218
161046326
102502321
114335263
257367345
138853717
78644277
121824232
192075036
185997180
83421079
117806848
-1
101900439
134726175
-1
219218831
183854191
49316840
205386871
211919963
96044819
-1
114888815
182167308
220153663
127643129
267073968
126856938
167805153
171901946
49432321
114293024
166053749
123828374
226794107
288568205
128363589
126470716
127508183
-1
94517357
118884713
124814131
182739504
218321029
156148320
142471998
-1
203453713
-1
99519218
114828642
147002651
208406230
121834743
196589570
97462288
165405835
218551792
172816531
89912629
50090068
124036342
153264614
-1
156119567
92616291
104831463
159450140
140422208
82311158
157664009
145274525
59725810
202656947
54873562
128849002
216840861
95518650
-1
162215263
104878932
123072749
155524736
176262793
-1
113000601
-1
173859482
156828781
76036405
-1
254329885
245999559
-1
60464199
240335174
154643679
-1
142814341
108787929
133631624
198618179
108066803
143147717
164740180
144470867
218023238
-1
221356846
174420619
214795205
176405978
229976026
189922709
145790731
197839913
223784846
145696899
80034986
199826048
136532311
152429566
153515740
117063608
201897785
201351040
44569365
109271926
132629060
161976935
139106223
190605190
125393054
99678754
202692257
149227212
233520851
118199107
111933244
204788752
171918979
128943116
231508721
114366725
0
147013158
226029295
-1
141099045
124733338
73807144
98497530
122459633
217381646
93733126
201863689
169416158
210182091
137176820
185455587
179077945
85189792
154782750
138566018
-1
-1
154760266
140349378
165969838
276953763
141549152
175979600
181879548
178070375
137979641
121900553
-1
158172347
165498684
90229868
184253819
154994452
128922229
149166358
177327825
226987965
-1
233038814
154749382
220988208
132496288
69638189
109318594
91787772
157414699
80407910
181898891
133589220
106419248
83248469
217746925
193183685
100938533
-1
232380918
89704830
164605044
130004619
162090281
229890451
79081139
134708222
68917525
104157561
102314906
-1
148166876
150442186
84893730
130519355
191903783
39501802
213149275
148064664
146616345
104408913
0
185652880
217696006
186397874
117610431
80455048
-1
148877038
97555012
208419665
-1
251676128
133854508
136627369
76181671
154295463
134200402
53727868
168783714
228407414
105630196
130981881
140391588
-1
168469510
87722526
98011245
180576195
-1
-1
175262450
133834236
259228414
89733128
205332849
115339544
176077695
302172207
162211919
117872161
169996085
212809208
240838570
122253895
129250745
219347064
151915782
231573627
128520300
208542399
177315327
149940775
93699302
156253762
103988372
223963340
115569794
26377345
158291510
202999015
-1
-1
205290954
141589644
97560499
90018399
81191647
179012239
77743232
-1
225969165
54390138
116903966
95896618
126426358
163007926
163548339
132846635
144221125
151075284
202716217
145426158
142498991
207398269
84445406
71885925
179438539
142528834
90068717
137995825
99052748
138407930
204193156
359392439
46061272
132140147
174493670
-1
164793431
149816705
114429286
140426029
154272580
209648099
140452445
135212356
298344940
148151341
203180537
134207742
242609984
227324871
115828481
194524156
146344166
145263993
163833879
119218234
154800181
213749522
174840127
77922832
96689723
153805787
235942735
-1
-1
108628105
158734683
217068137
191199304
159923306
9603958
154053634
229973961
157110120
189813493
-1
82597545
-1
161076612
227238796
129450132
108314360
142968355
87604467
118703487
125885081
160323203
211750272
126762396
204489119
101844776
-1
154606909
-1
141203394
98981985
132020552
182529612
108166494
191035215
246973366
183851905
82737785
206107849
139569195
144742527
176934262
-1
-1
150826322
178534019
244498833
112620421
132326885
212385958
-1
208838394
158616249
173826601
136555052
-1
120482604
73803932
79925526
-1
186226224
-1
79219831
170433404
113686070
200090866
141902671
129570519
-1
139866708
168659893
79256519
188886849
182095181
181776631
115944012
150146793
235190557
285046475
51168545
199899028
160138745
229428492
0
-1
-1
137602872
182546464
116649799
50505187
163165717
207766954
155802505
190318812
121723188
238083901
232580079
-1
-1
-1
168482888
137449938
115796345
206415291
299511074
51283783
-1
126272779
155134307
136757121
182887802
161374919
158040745
108926389
157827990
237267710
295708906
130853219
161428487
-1
82133046
236026137
91248207
86807611
192418750
235495374
264402643
148213029
188103951
165377218
235094010
66614164
167890733
119644299
170853817
223639883
128235692
99766298
54240969
193800297
151757062
157298439
114874711
-1
73111482
186026385
-1
89942873
98549554
117069863
133117237
96816226
195103712
49709832
84849834
181922475
142676021
151160631
131607186
184637169
176702456
93937071
126427671
198718258
-1
144960801
133912978
-1
256403296
206707299
178804125
87140104
109361266
153908500
-1
139635387
-1
190371032
98592255
-1
120870304
81866607
182869189
148200736
181071984
190335592
222463591
102599192
170427361
145783726
-1
124811101
271409326
167917250
237280095
181618502
115492650
171824263
82096959
183881692
36950375
175935413
114771890
204855185
246374756
112696642
133838006
64356855
132093288
138182926
186827026
158287860
86937398
221672129
124826534
204835621
109416445
-1
91683924
-1
153505202
-1
123821557
-1
191296460
215239170
-1
-1
170952745
165072176
103825272
103533409
132049169
162478861
188460359
252826432
-1
-1
-1
191843266
133092431
-1
107499211
197595000
155318457
137359564
28475648
260282649
188706857
174763399
267238410
111280228
155920816
239555632
196270490
279472228
70291842
184512939
172863589
150617934
119851812
113930138
-1
198098825
202575877
112156580
207531448
148713851
178663614
77003212
175297719
182864452
270306132
125170846
151916502
241112780
88237660
-1
193107758
92126962
125573225
-1
161131233
-1
148101051
174307094
87295866
85716947
54679100
111847062
187762022
160346016
157706694
236143063
90179923
173531179
212154157
236325388
117896405
-1
118397329
149700465
215806100
229619806
-1
186220141
323891829
159128058
108492950
116077482
-1
217835131
188554329
144503172
174187850
207640933
49094658
125964476
159551153
191004492
183581800
165695784
-1
-1
-1
-1
66131487
81210306
184163733
113884628
122400100
131232630
173267849
178444372
-1
-1
210169424
148508743
126010408
187346935
205010849
155014579
145362730
199978519
183679824
0
156273148
177917803
127946114
113788355
112232629
158046499
204620584
82107399
120892267
113888804
-1
221066481
-1
-1
145368327
172344477
192370258
161904803
193239579
137141869
114096800
-1
132808342
198058864
137329484
283371394
118164304
219304272
323496601
-1
240167701
162620385
154298495
165738937
122692036
-1
-1
-1
199396163
-1
-1
204175162
192712898
214065295
-1
147984845
279610063
317659171
86115914
129872980
117920264
97036309
243597404
218014090
77836888
137603066
160722481
186323602
133655428
148709642
254649612
203791170
158482045
269184529
-1
290944880
112414923
98581499
106814268
131525641
106301051
168498817
139907515
233979619
146352952
106576081
150694952
100188639
96340625
153692178
-1
171706537
69306574
159220512
66477045
197564804
206130003
-1
194267515
-1
114237769
147688557
237644715
-1
135994972
59929453
157293756
-1
147768440
86902963
165433883
153354678
60410531
241850044
120731592
148766161
95992886
152334075
127158047
199230318
130941735
97379355
109588543
167084423
88053297
193322336
151587448
137097524
61538324
183496896
94550848
199852427
92765650
88769307
146926821
125821116
175192349
224627788
117663683
191788519
235422048
181448402
-1
110045750
111612285
149964038
-1
196502776
221398714
253782355
166416000
197564934
117421031
113648695
156297161
123357605
142531990
134530944
167347010
105628671
0
185473230
126235344
158382585
199181038
-1
-1
187905102
-1
185928639
-1
21471904
156643347
123981410
135512841
240073808
85346631
250909860
163263198
-1
204906754
131136430
169028070
46998535
127087508
-1
40639725
124886858
194001719
-1
157548699
203567853
167343823
168714647
168694301
97567674
173014560
231247123
86467077
214699364
-1
201195574
168922271
150861165
230265265
184611356
107893307
-1
110285141
-1
171257024
-1
180153636
177125822
172125223
-1
-1
215266119
183903863
-1
192804568
0
230689128
146125041
57979163
140755122
138141764
291334729
81354176
143327802
153612858
208795041
-1
-1
160582692
232800959
164735152
187195611
123665952
-1
168232263
59313379
170316845
234987568
68524614
172069347
162887652
150384359
152865615
164909177
155279782
135164179
69794686
156765945
99586488
-1
215346630
276402633
15858456
158041951
149912126
171099164
203017607
167132066
240974121
188165030
123613375
213472434
70143192
142392548
128215622
264915012
-1
115299705
227706148
82944389
135758772
134465593
110910874
143159741
120375790
-1
228257957
167370535
-1
153080169
143516093
154171337
133487335
234210949
145424465
133924383
-1
83479273
220274824
177757285
160951869
188745537
264679990
127731657
-1
114554199
110234651
182602836
175449111
171880920
-1
-1
150329808
160288332
50186778
141734140
117107849
262797578
129965531
155126656
129247376
139962735
161018557
88400877
109385767
334595523
178711311
185666940
251410514
128006333
-1
147548492
160086111
-1
170698002
-1
216582509
231998834
192460254
186905839
92794289
96999531
139266636
117018504
164529752
115280744
175396005
148177696
229415660
69492002
190032560
92838303
48150537
208001561
132358069
106242016
231766627
196005730
129028581
156529811
-1
0
165420382
144407918
205714870
-1
125103779
189141373
146422779
-1
198794451
112380927
-1
240038505
145049391
57455240
74959101
141070603
116015594
-1
156453431
-1
272898720
251753888
-1
-1
157423391
88117239
155237323
143501495
-1
184395725
132252881
33874154
108064335
188618469
146450161
-1
81701258
196447746
78484697
198678258
114341018
191686212
179296316
216225193
227443472
255732951
134792702
-1
215860040
182956692
136970498
163207373
-1
233918650
110305144
196131262
131698705
85148601
172767917
210119758
-1
202996278
54097363
153595612
35880686
122365360
-1
121309082
74111190
86948934
299023239
166180848
275918107
156551758
-1
171128405
164495735
189200490
117418107
187309450
229374951
178950275
-1
113966958
85880080
161350655
263222782
55107737
166969114
161684807
58351340
115848099
-1
116312512
122683362
225758469
-1
83661994
122239143
-1
158218585
157048715
-1
80410243
154248326
199048550
108137600
67915367
172117515
63454761
220689099
131882561
186389386
143527576
20484438
151251797
182230492
212349047
186722369
103698942
167531886
95960192
141503568
147101287
97220867
-1
98025799
182708945
111789569
240326253
63000519
171278842
151894272
176184369
251867180
257046178
88953624
219265039
74791864
146005727
179900551
194234860
-1
-1
144588668
93361550
145843895
224279178
147421816
133838081
148987040
239708287
130588910
44045970
145400130
195945051
174034973
-1
183394513
119822229
308195798
89333819
170616290
-1
103326964
272093652
114380015
132761937
153113843
176174480
199586578
-1
152626382
148815857
77759600
76107206
-1
116570651
138825284
211638748
-1
180659186
197777627
197057771
-1
140448854
135771519
162882495
147018361
157776727
250178467
-1
208731730
117368866
230631416
196213423
275531581
103871865
274774515
242608280
139608526
59532429
178409455
149108948
162422540
219991216
115604965
46935400
193335666
176192224
311508050
140561451
79576326
156107605
162814913
113613352
189639847
-1
-1
127926728
138895145
-1
91110093
110851562
193908259
168837335
151715019
226449074
-1
91073677
101287513
108877891
97973119
188207089
203030379
-1
122677997
-1
130678168
180950602
109848854
158535821
147609033
-1
154351832
-1
262190951
250878575
173017046
-1
152898976
138618742
171297164
158779596
-1
191744251
-1
-1
85045258
141188304
114637104
139662015
48411645
131529889
69999144
149673311
72877443
194484083
-1
251094285
165222484
190356761
271775534
130274973
171024142
207940138
81371915
150946967
189715587
196180040
188171566
250038168
-1
153419208
130363405
142313376
142021601
122437152
179902839
115499419
155758320
147731899
171210125
254453608
251313275
-1
148064115
171941805
230772886
158481745
-1
-1
127704788
130646342
240794974
111187763
117628531
130277222
120915086
-1
166568431
193024998
-1
134481939
192116366
130203714
168294723
164391561
129512244
92980576
69901394
186308728
180546495
109427170
184050608
103757086
148788724
87114507
273925903
69213969
-1
198284666
145935713
146018394
-1
112320840
233080986
241841900
-1
178111834
136460224
-1
70763170
-1
120968217
-1
208863085
72593161
99613673
-1
200457422
165044882
65496904
105159626
215194961
87526790
142723511
73644731
-1
196636163
265601384
130237265
173151960
132409459
156977175
135148183
223727057
71308311
-1
107442206
136214274
0
136018953
-1
147808079
-1
151573868
289859405
182272813
216167093
83030042
100178286
39889721
144494724
45885898
181496569
144876078
221675570
131745772
221203295
287352973
256058925
144733683
175814518
134582514
-1
-1
103012326
157955513
216330704
209999052
-1
208489616
237953635
-1
199817975
-1
-1
128920270
-1
101710259
195339316
147978111
148139239
135841912
158134400
88342012
137259934
244833969
130388616
-1
334775638
124739131
45143001
121590674
203763467
58969518
198583918
-1
116327012
206935109
150918636
87409434
138744917
104731461
178594947
198396544
222910412
138068230
173987315
197742358
137684060
176104397
227041873
234433051
291929019
171860694
173648513
135196853
-1
162516762
76200729
47119539
-1
-1
168796651
165565104
193508115
209619484
138017499
223452042
136058371
171842938
144760897
160873929
114491954
289254184
150093198
68936338
-1
102719561
239865063
104314365
105578226
136596251
279161990
-1
117774186
195297201
99134157
250768147
74684296
171005518
-1
174299270
91858678
170988476
131874146
132921752
294448401
-1
0
172464135
222082752
127255619
110239321
116108396
0
109850301
239163708
205319753
160978540
-1
-1
-1
64650118
183640253
164077122
154211463
185974670
169500988
144832291
-1
103573093
201505825
49044089
124519059
148965179
101230698
112961819
129188603
58845652
-1
-1
118829371
287797325
51740404
146158291
197612063
-1
223549418
136186766
224502231
-1
156845477
260492159
-1
80324580
-1
121768832
228398462
122384541
-1
-1
240077881
194176977
118044869
196209322
254626558
299352994
73106952
63901850
151632260
148847238
177263832
140212747
182183969
173456472
109550664
150699771
146583234
78015598
149834572
220617261
182295327
145519796
138809027
-1
153197740
187782745
159840139
173378145
266994340
349343974
129572040
228102162
136732995
205139259
102211301
74174717
-1
-1
190153861
214321103
164724515
117641974
-1
137054170
138307745
158383454
129706179
155828994
152949353
182253745
139573519
102295138
-1
167014562
180425169
185536884
125643961
132791642
178488667
87948621
119679612
314203507
-1
93621749
118825398
139547289
-1
77906208
115512567
152464536
187625101
178135538
112205120
165340732
-1
180603592
215037063
119872365
-1
240964213
204765704
75888718
154137087
104455582
103872494
88876432
207265076
102189460
92617008
186670957
291726411
220524364
150746890
143304255
113336674
104813148
116289974
218188476
253193303
236086373
248169519
357082294
166424930
179888746
236974877
232818847
118410984
198610984
197379209
209545646
146884720
189773830
143718648
224424075
217310134
124586539
95822835
111358763
128991736
138273151
141998828
120834193
101187212
109960701
-1
-1
63151328
137267278
152107399
166625995
126000218
172600348
66334220
-1
125904206
97974590
132618480
119797017
184063301
166886143
151171370
161437499
82860727
176433818
87717439
149905888
177598194
205589784
70641551
110484502
215589162
74241457
146512126
-1
165074861
161631500
93311879
215784965
-1
133142012
178056951
152896049
161103270
119797499
99220495
-1
65731354
30549535
202068319
97908817
115464725
64908697
80720990
173521557
122209823
259039599
172229343
125606572
122259780
220814891
150128510
222448513
156955306
202208362
169173990
233581095
133359203
160119143
-1
184331168
167366150
57551744
-1
118620734
221426775
178849674
186145435
170162976
215907307
164658771
0
154403398
153794826
-1
-1
140456548
117907255
209562311
189531065
199089771
161970217
-1
124874307
151109516
84591558
87907628
-1
101319719
74221173
204052916
-1
134472098
145472403
156222618
202376270
217462043
128788765
205675362
161426974
150834921
163375357
86924455
123743095
173044487
133694595
97410492
241814608
81232909
90086654
87449718
-1
80145474
108458063
181489236
113302377
-1
205571452
91780348
-1
153055881
176421901
-1
49656122
231875707
216195961
136056240
265563662
104636728
106336431
46154645
117199320
134325024
156106478
-1
173155261
-1
104737522
182548755
209982318
156830237
132938869
161450831
0
-1
180649925
75206753
81179504
151170666
145633879
200105149
118289665
167988382
151435089
103491384
279861626
206677527
-1
221124954
187242283
-1
-1
0
197600782
120327940
152123422
145579340
160726219
133872941
113566892
166684061
140161213
123492445
128398861
134474578
109793940
297040161
130796516
123716922
206453355
139009680
86356637
138589741
166090380
97496632
150303628
135680553
187160158
-1
-1
141973198
284169836
-1
216141647
153064662
78961513
134824437
-1
-1
110311278
83217544
-1
115626817
185187744
-1
100836011
185768769
127008392
78789378
91424287
-1
215338184
174730049
154453156
173377080
86621341
147895295
131048529
-1
200243650
162310011
110729116
142856000
308260981
177882761
59733651
102856340
119109552
-1
173156229
143740142
120461215
34433223
175448719
137900966
132339374
128038566
123087484
-1
275713926
170104558
-1
145704140
252104882
181660317
182339307
-1
187393426
156604201
128118962
141829514
299667399
128824726
83025885
161279235
174757766
191933307
142612552
129714245
190694625
159313190
138399524
110995670
136480931
100310377
129231923
208711739
51404596
120406391
193415302
-1
119922999
158531146
-1
-1
177291187
197925901
89469311
0
319941584
101607656
217439638
103728598
108924567
186676037
219112464
121774540
126332393
99030359
166028824
126042375
145196022
-1
149543269
-1
114195846
129979476
63708104
74517543
105002183
279468692
153630628
155270628
122989362
106829777
0
60757724
111289357
152977245
257896281
256860826
128192998
176490229
31239279
-1
136704665
156705855
177454427
203647082
159742531
98811375
116064302
196940983
292261647
226415873
150359852
208925347
47948143
101942661
212150858
108741611
64573158
120959486
115496055
122607874
189030675
205297429
205016075
108137827
199894101
-1
162181342
57299443
-1
141971468
114398240
155340499
176769110
-1
194362887
143319549
219466005
197068965
132710626
224790217
149340894
163222245
119138499
-1
277209724
216351986
175183226
214265201
96182065
-1
104540725
182400943
212806040
124480129
0
88216323
96373316
115811062
98800478
123152808
97376185
172757167
149311381
218174170
-1
67041714
151253749
182522201
157269318
-1
211646020
211293268
69858604
74667973
102138670
322517792
0
-1
180475597
109412166
-1
47591385
142265532
152298884
287916953
-1
79998643
211588062
122553756
57640661
157041951
115546811
189939731
30708775
203867160
170097220
-1
100934180
111782760
0
166639326
205212444
90036985
117928871
164964717
158329405
-1
165693888
255496032
-1
196733650
168699412
149421301
106447478
177594412
69078091
190901390
149696596
269133639
197936929
327349774
231615815
118385271
78246651
-1
230225739
167373009
128789800
125249476
41582368
232716435
167813737
228233813
151761519
141722467
214986460
255543849
63642372
184853363
-1
126821406
-1
225376018
27012495
108008215
247122008
123913167
110716602
116832319
-1
158290016
190109067
172141297
119858204
93955471
112753105
180808948
-1
154630077
189507172
275774831
97975661
-1
164077463
110283107
194659778
169147030
-1
212119961
250182285
118640346
200088477
135214858
124250425
157415448
138088823
191475437
83751767
203528346
93616150
144627145
132365297
-1
80712612
212030170
131528057
305818750
74039500
294507606
61925792
173272035
156396354
149017876
-1
-1
146964585
162412398
127281656
83946814
142942476
138427463
-1
150586267
164229399
79913620
139944150
114041176
364445496
134078243
225724493
85222997
94017651
-1
110598224
198079613
117956701
164601475
171141771
134785080
173666227
236402059
129848497
106609878
178835084
149916828
157374452
288959113
144615900
214863485
114385426
99428604
185818440
159922541
193500603
97384415
-1
187441962
-1
0
-1
199628683
126574784
163881814
119477830
144164623
242034645
223215825
-1
75524068
120368161
98747272
223319537
161316801
134145336
212125158
119156119
118507244
149228777
105398751
244600233
-1
150284779
-1
238308782
140984101
262926653
270441478
175531327
144692512
271282100
189785343
278750753
-1
140831874
112231793
171578567
196994094
157156361
62219621
123365904
124991787
-1
-1
-1
0
74967148
111720474
81054259
171237121
-1
110970973
170206599
-1
215227596
79553132
143396776
102646433
92940750
108023392
137991690
105076195
245587505
174411265
208884743
200090410
213819365
330159190
-1
172883152
85950993
155872927
167623154
102430649
320981672
137095684
106496894
151277800
-1
184274703
173148378
173758127
143417255
209839740
102921609
104652264
125532654
162743052
194288664
277423346
134571422
214641096
235554705
141063154
172068916
140270913
146619349
86077534
125652356
102687575
236579321
46300848
161630232
99838212
127220306
137891353
-1
159645506
148162044
50522178
135095596
-1
224100859
176783492
111409542
200296268
124315517
201559466
118373096
138029634
91472524
132860530
105311527
68514117
0
122173919
136583265
138700470
-1
137761630
118818154
231360560
185697808
320054698
137252178
99645540
201899612
111824167
94414180
137123222
98692694
161896770
149104462
183153201
148292710
-1
127719525
-1
184713819
108181244
200586540
132610243
113656515
125452174
74120413
0
106308737
127241947
189276308
97687216
-1
155871822
281580873
78716140
194457478
171228409
134668876
91631865
0
175524989
162895934
-1
145488428
112366797
101524715
116510624
126181575
222185194
53782002
-1
137711756
213819658
98898352
136046887
143254064
126800218
25673864
81979466
128060025
101475585
-1
193870741
146169476
156885114
-1
140560110
163588446
161229220
166779737
172143546
-1
-1
-1
123826750
138033664
-1
103687501
124986361
153088943
88399757
160248355
17601002
132605513
130286440
108531057
172592731
-1
82593727
75530598
221098980
260172333
262480569
126582643
186422420
208345800
165762630
102040142
153521968
90886921
244378782
157518152
-1
141851318
217197210
149825990
254548348
74316897
131033703
88195682
142636546
122211039
151872107
302160405
188363210
193871077
189490047
84850105
197683542
157505770
192167942
140115411
137088213
92321802
243691899
-1
250045792
168306760
-1
176293465
147546939
129665995
-1
155216308
111575087
168023510
206617629
-1
165517453
152791084
126256907
158676520
214551166
158936457
271819171
104071412
185951336
106704644
100709745
118800358
148685379
-1
-1
191901477
115736240
159220368
84021776
210841413
174245547
123045266
30916880
265876131
107534700
189473804
161434545
163086560
146051314
154205399
198556413
227951248
129833631
68664854
178258305
122833051
29168305
63122296
281816695
-1
142407991
213080190
114637282
178248655
217334477
-1
0
0
141928823
213344947
-1
149910986
136793837
211326065
-1
147056811
202132622
186571242
190052141
-1
-1
47898653
104801274
64860604
40081343
188382488
162422505
145774119
64702990
166864059
156939826
252983111
96037416
187603720
164113225
119761377
62930378
145962140
-1
262476190
227850859
165640043
167274032
-1
0
212473287
181020170
137885456
155889078
100285621
0
-1
201636930
160043347
160838430
-1
108534063
328413663
-1
179869647
195231725
160541279
54089853
177334669
185258125
127419922
295096011
158464023
75298110
-1
202085011
122059484
86272787
142702124
151353788
249674560
166074097
175418921
149357120
186151337
140749305
302560946
-1
143755631
73034627
155143250
82273410
221490608
185693245
197424737
162565102
105510691
-1
189147202
156131851
139489220
78112260
179680809
118864490
119239650
145370037
167566600
129812822
120827977
145453860
-1
-1
101810657
36803506
111682721
104953353
305296712
116910326
274265626
50580576
160287897
195727864
112868238
107348524
-1
-1
151939150
211331476
-1
120297960
187191105
104449832
84579877
203234171
107484918
81707576
195399565
-1
80527801
144049004
139678190
155349554
-1
66158240
142876280
205781529
169015783
90175184
96181088
191036873
103065722
182885942
118235040
161339781
153031471
129055868
-1
131865978
175983369
59059764
167916796
196908000
-1
122721656
167815064
173226164
252284471
-1
326392846
-1
173100099
97146461
127212485
140308176
90183785
-1
103583103
148195236
156870646
94279747
153611335
106815672
153958992
167713830
247177427
214133936
187320552
124444690
66543811
215111980
-1
178301503
155344771
127652448
115337369
74744317
191165928
146586756
43002890
214314189
259206825
155534808
112095893
115651433
134312359
297610940
276599201
117611298
-1
171150794
175930407
244141504
197289729
211049436
252134683
-1
123863158
-1
98609920
91403611
248404152
99168048
205136716
172355189
124399119
14196930
131945657
-1
120113914
139504794
150099727
148417989
153316290
167148887
223927044
119566344
67501640
134030780
185181791
97927256
-1
130342551
308392143
122377591
161993273
111194938
155899623
108792432
181916462
91365126
170830940
195374729
151024985
137966076
219291694
138397387
180042315
170551025
91428997
140726047
129828645
-1
173233325
90445993
95788202
195845958
160993977
23528283
225689331
124522975
145782902
177313022
171926963
-1
191827810
72079635
99603797
94302969
92971734
232292645
116852200
171116715
112868294
146423505
203244745
144743804
0
-1
156703660
62290126
77459351
222611943
63133796
178035342
-1
184868177
124959140
142003699
-1
168654987
-1
169629803
76087505
96795742
117614125
125786310
-1
91768970
111386518
162073907
191953386
181515191
222622550
187097328
153955598
171720839
101875657
227995478
121491068
145756231
199597406
-1
147905999
158546421
161955503
82365513
95877548
160897710
250726571
-1
138203808
57665868
102828908
211963226
111591819
263842957
107528847
264509913
200194357
175258381
158767018
235366009
-1
130892010
206909738
-1
160588828
215552862
230859467
180845687
116539054
186691475
69102244
243009288
194081689
163944627
0
130902615
116137824
216694475
135727763
120160497
-1
219103839
198538414
-1
80065766
60106802
182539511
125816151
115414582
138053972
172248470
98214205
173369297
90163823
102800594
112390325
154159637
148530676
136702102
134051104
253101219
115128197
157437185
106533058
190035708
78389838
164075880
200816586
120528516
143979291
130650316
148770722
81918136
158123248
139003201
171067905
-1
97276321
-1
92314347
118439785
141736894
264521263
159688967
187935186
144676287
110801471
206835740
-1
271648568
-1
239766247
132307226
182104341
101480055
132892175
167709816
53976016
181763295
161781450
97670240
204084652
237811324
186743440
171603133
288231535
263230086
145060567
131857810
145536502
152854450
97161557
226109182
-1
115116531
180883068
90505607
85546379
70371789
140689014
112227436
266456793
87549893
152907890
121550899
367748887
135813918
213809547
89300079
106360075
182648038
85497674
143848741
127615276
121904334
152456364
171633144
91410065
165939301
103760766
136347703
113362698
163471436
-1
83505963
175600889
195238391
162186941
137725970
128820205
219868321
122800912
-1
125853627
150340217
90967529
167457869
209641097
-1
140359358
186227568
61050818
141419234
56819900
0
225013184
77501752
-1
177099554
213919737
163907052
156252663
138506606
222931773
183401246
94097246
235247670
144379345
171373512
126446595
141939895
200319549
51168785
-1
-1
163268636
154150898
177838218
187312292
97191142
96342007
156525830
160971669
226722279
91224886
210429191
148996286
-1
-1
145617712
179716047
126102081
190342508
49047458
-1
-1
-1
75596014
255360020
119488501
196667134
-1
157814685
201909255
139462686
164923858
163130751
205016279
157762215
-1
89999538
95740681
160258266
212430849
-1
97114517
84935453
204382314
148987503
160579030
136988332
166330116
137034477
60966590
80311486
231201992
50500411
196334328
-1
165550676
111076152
69965024
129983406
-1
123787224
79125214
149165751
162654741
154037998
-1
173245481
130124026
107972223
201792118
41619374
124180907
190649564
90896311
86851337
196266777
130496439
206859462
351271845
114841780
174811367
146639770
214863976
-1
132533296
125842811
187123042
156544929
-1
198170550
-1
151624959
167521949
120004621
146249723
186388953
190516037
108049852
148651954
102234486
124090955
137370626
136309601
77330517
68232420
66471673
67953333
112898423
199811075
222685528
86275437
104798418
183325265
-1
161468881
176586142
163483212
113968236
27221054
-1
123112825
162965930
109181012
168152757
73140398
122870523
165588058
89051139
152993783
172490797
158575252
284680782
71189260
-1
191002766
90069322
230580196
169614774
105178844
117534255
135600544
140606406
94004324
171180860
155615510
238070747
190221476
-1
185464648
141838083
141823652
171397308
79278203
351794274
176570023
100731628
164761930
135379350
75220795
77098454
239272269
144043994
167870214
177151375
173119447
180711188
241350952
85785953
-1
121727532
305937517
149647236
102706555
216819659
-1
181781881
139032393
213451823
177988480
-1
70670075
130210228
101239410
168197013
-1
47642830
127080766
201580484
128218683
292274829
220255726
222275288
205602567
183669570
158249560
165930504
-1
178815335
138605510
141077463
124284133
133991431
156190743
138012107
112486516
101405392
79858403
128110330
194627768
174267548
115728093
193073505
230160490
140894156
148048812
199432320
181872074
128191782
-1
99904102
229830329
167371325
165947564
130140192
123218297
95467246
244518060
188467482
229801518
149917808
181773478
110550919
151727671
254887197
140469972
118193812
185283901
172764086
212159430
182987085
156911621
58920798
80061443
127202077
124316728
174649380
316234422
187514937
124797445
43272547
105518411
115036809
84239090
115583709
255731053
166353971
129789356
130249959
99623492
130683101
166262594
175328475
240380429
0
149509482
77829599
130136631
104595633
82890816
95599007
200729162
127046730
165227441
167185762
31425054
184830708
167524255
134455127
180081863
132571051
153544301
170207408
149883018
-1
97058198
184731043
180274405
267327388
164092930
264007812
109583124
108028969
158749223
87172787
120968962
116189414
-1
142297920
188761094
76576605
300783490
110506091
208236304
177434272
103221544
150071291
120530409
161706450
107097626
285047951
105212446
119662714
88153803
67266715
126527899
88500749
132830855
241234582
98996291
139898646
149080714
188932283
190497676
178226002
198935666
156252652
169900713
188597173
235713997
131450774
150647619
249097849
79133669
-1
101604519
93364968
103522174
163824876
96405968
151661335
149639742
252560721
120485230
-1
110217110
155653602
-1
225850565
166767185
-1
152272444
124552361
248406611
81941949
157058884
165868990
222773766
-1
76101046
-1
203989955
91553368
216862311
70535050
60729194
-1
238817230
108576552
49309596
150519039
79895630
-1
37690495
118300005
213186122
93247876
116218017
278000300
69780374
145734260
-1
-1
34890799
51091789
79169672
152891509
-1
250843655
-1
113903470
135094084
141057053
-1
114249403
135579434
133307122
229940925
187843469
195627604
0
209481655
112445926
171003893
167048396
172475876
-1
182493507
196487890
261743343
159357262
-1
184438917
169525179
-1
131240031
116811180
162105452
114113656
-1
179704807
191909957
195561477
161162742
79614639
84801672
-1
123177551
157108818
116912483
118143735
303648822
132079461
190976676
199095822
-1
230890460
-1
185960968
189911388
139295540
183630797
79594077
133678482
201743826
234898015
97875350
160755852
211212574
201959817
-1
110023855
131702942
165361384
123099638
-1
218663998
159452488
168549434
96466474
118551068
98103491
125920960
-1
171534582
80643568
-1
142678390
148379145
120359079
98017546
125007265
199839239
170276326
-1
194867304
146618290
137421328
-1
183164697
86517710
85880013
-1
108226559
146677741
170634505
-1
55088496
152749349
-1
124799956
160585102
147587142
150336437
86786520
219145627
94819415
143576075
0
-1
161756852
125547493
235101971
168451927
174538436
124943087
134633835
-1
180584750
119010357
66396714
177976304
86785614
-1
160546736
257245261
113901267
169262312
-1
184049612
206123345
130620780
204272745
106749505
141358209
122572327
141124430
124686648
116661337
59100728
101425530
122956483
156059651
42130000
66229715
110326453
145362833
111407427
100000752
254450859
77080409
112344487
-1
136307927
151547104
38877806
175211435
274591660
158809706
168416002
130545719
115905179
173501718
162947915
98491994
0
232361540
179975784
161710033
94912646
254830469
165615493
124103877
23575772
128353072
191773735
-1
109454139
106122863
221519744
122962521
71018928
154799383
-1
180118424
116674523
131860905
225097349
120636943
104175812
83097906
113777316
153759821
92721623
-1
121571768
153467657
106146564
186873868
134396064
133428489
-1
-1
157373963
182360066
137218746
176789708
178401706
159962361
113888487
151776439
80957024
140480920
136626426
69387201
204603459
181411778
90251451
342763337
187417458
104591221
123838660
-1
159473756
158107594
169776142
168070355
168412164
179465458
152619327
135074621
91237443
132041574
-1
168625255
89920302
192745833
28542178
36715520
116237485
87051801
105403675
161484444
134233271
129828551
235009676
184997912
-1
113755636
-1
123666327
103830767
228888288
37594280
86649075
157118274
53628268
66250095
-1
91168980
162399701
194156474
87969247
218976280
156208738
151751215
55046160
159064954
158168216
125467237
134639387
172882758
49295936
202603224
204782488
76569546
173626497
63385960
88931654
129678990
-1
89286511
117279952
198689081
93766425
100099509
193648748
169147771
74685716
110324396
187311523
90414928
79730585
113879433
122569561
216839805
149339348
147698551
256342059
123092665
129095444
0
186935405
195647235
157335193
78071077
188330240
120104462
-1
0
192774668
-1
155394156
257385914
112133728
-1
107898370
176450336
259959517
203468303
-1
207907145
-1
-1
213190159
0
181383681
171373955
-1
85621282
204067801
121244493
189392444
200103410
152218519
200329976
147307181
294099588
86888256
118161627
142363185
147609598
132460842
200641246
150101650
262536558
169778077
150514590
94095660
165873413
181719235
113953389
-1
168833720
153876062
218101780
225235034
85755896
212844679
256691896
116605082
-1
212161031
84259548
97632323
205175120
-1
162340963
144987922
166164104
-1
-1
123129505
173108716
166584736
165006705
250791838
276002942
80693385
243929103
237353949
121465143
99214040
92714353
70594680
117184706
160174064
191004496
118128539
245639560
99678950
68518507
220856124
0
121661028
-1
167009985
202622320
167921476
122070880
99097628
-1
325319782
118874972
113092119
219047738
148617860
38941724
72773606
156693985
-1
-1
222553983
109002767
95455906
212606720
109212600
81942172
-1
115965590
194978050
145142944
183157569
37809732
60493185
162212223
198360349
191037610
173859987
211888029
117738447
142519450
153312271
147647883
194845212
132987975
122521786
146569183
190805797
102890264
-1
-1
166796479
-1
88887094
-1
139190572
-1
123030004
177839403
156534019
95350260
253068894
257726523
-1
159646599
117279121
52796450
270088133
204146630
173897624
131649916
211763403
194106780
97993413
104038660
200078364
111070439
223292197
249341197
99285528
74303641
76934900
-1
77631477
137476392
161246847
104219605
182043890
-1
128567566
99577574
245654590
185718742
79195664
155630583
125478618
144904478
136160292
150723333
209911107
80544545
-1
238899074
0
149148479
98453681
174215744
0
148003873
129803447
172552464
-1
103654917
122254619
131580522
92696439
149556344
172325281
138553060
165033870
176596181
76691988
242444011
106532656
196322850
127340244
69029804
116483209
47354763
86107725
-1
106531443
142765029
171384501
116928603
137180991
72280102
135972776
238676689
-1
140727310
145973965
129672376
156502723
-1
-1
137153559
178239201
90241204
157104753
152179234
166064124
203843100
110111870
190506309
145870825
172227236
183984428
264279178
-1
96671603
151698969
-1
197740722
162753193
155883555
285287545
215434457
49545061
288819800
-1
112189156
147335220
169025413
100310738
116318193
121122561
225074150
17033475
34418524
139674756
187101622
92247154
82585369
122067675
171995315
97916356
191836827
155394257
166284028
-1
290392472
117544165
189885287
150776081
113583913
278011522
203357629
136162939
191497680
162977880
183615608
180437514
50651034
134976834
248159721
106537338
-1
10034336
227699545
-1
-1
156576198
88684637
-1
368266354
227945349
131822237
146059879
82663645
132571413
233660371
-1
180454350
150965407
142696798
190110591
184919960
193563075
183636408
164106021
185305455
-1
265807960
-1
255988524
216760752
196122256
132944728
123148826
165030991
204915776
0
208891568
174134750
134360342
185237950
145575266
-1
137663587
-1
130234680
132757118
189202246
108278429
-1
208831472
142724938
37713669
218627773
71356070
141399659
87030509
163980676
63301479
182995233
116232317
139322407
169949930
192406330
217998182
60935257
148966337
132207656
93315631
190780892
105968177
70179638
116597955
242482000
122337205
112893647
96242533
252544902
169880542
208906036
163338436
94054209
283707030
109055144
108044654
163496843
104780255
144874729
113724270
-1
87232296
204670591
109732779
206220317
117473475
277593951
181828487
149773564
156851807
71710027
192648893
-1
219581263
144746088
89805324
0
-1
167461864
202830718
124490653
100747237
203865107
171196372
182010328
-1
221099040
36810135
177579160
246527057
111577395
-1
127666186
230038333
158644084
225816706
210102336
162981873
-1
190818065
94549677
196902513
51307104
98921556
-1
146313686
124006353
217242570
195609650
163068159
124790947
131876358
104633378
132508203
176098155
168333763
194069637
119307385
172010375
241637551
93866951
-1
185432311
173996256
117573325
108012857
166450500
142043576
141054606
257466065
86207210
159129871
195188659
312518580
132166986
183780721
159474778
127183108
-1
159504074
193728496
0
148927249
-1
156834172
175973607
94095711
115090546
166102732
256499969
24684575
119125569
164863651
123771035
172658554
-1
189208909
267643647
85164315
82013167
138101949
135025885
189669642
168276535
178222356
163064037
50350385
153939355
61762879
121842154
233025708
185859857
199002557
194451090
200576774
26438679
-1
141585018
126522664
163673264
196997108
45411664
108709974
-1
108878524
201585430
98501713
143646182
142469828
-1
-1
-1
264349020
167392300
192215500
211630148
204790536
-1
133029573
210873639
86778031
136157209
113736883
192039360
209435711
59332444
-1
88460822
85629163
-1
147724406
79489412
104521136
191720565
198363915
113718819
102339205
144140986
107488533
86059251
146143714
110888335
168188569
98237155
100047905
128565990
158353609
161554153
163069253
99912664
231371727
143426738
261173931
141930117
65049472
102832858
245192856
62508847
119443150
87952412
-1
130972207
314124769
206870243
119688331
147411879
-1
85387765
-1
226299775
98142923
162796339
118279116
269161352
127274156
178620584
222944251
133845860
128989312
127080243
-1
-1
172380422
178538249
123758270
89865609
79783596
54600953
245127358
127480107
193689309
0
89510984
0
205132039
0
142566498
-1
195648984
37922101
97647843
54876736
184512396
-1
64439090
-1
149760619
98912312
143247419
181590388
179150192
113900751
-1
-1
74576250
195637731
263602250
188867635
129346082
50927518
166359500
234973015
87469345
142750675
85925856
190544109
227824416
146916940
76455473
233336978
181141075
151320186
242377789
249543836
120542305
146267150
79376485
126673699
103297674
202000438
127519093
-1
146387692
140025099
155898325
107796370
208398575
161880586
117065071
130002125
101623887
203235199
81497708
135611826
-1
176349051
117007710
113217857
210784994
166756240
188598111
105623787
186305541
117177607
111991233
84927055
197047831
168458019
108579893
114011730
157079526
174121512
-1
96742876
200059754
261698531
129601943
112466922
177427381
201945554
81443048
-1
126343156
115559108
162082293
-1
164453668
140749344
-1
265419423
162356222
159371464
147779894
180325031
106580293
79588528
210071743
175929654
-1
-1
122108885
178369932
212991742
254521184
162582178
69032261
111246453
95070609
164738465
0
186421747
129746078
151846379
153009918
116595286
222862740
157053808
114417624
-1
181533742
0
169038170
123274184
284270302
176517683
106132282
54747780
221852875
97147110
187974945
158388491
179827599
140384226
196055676
171382629
157208012
176738633
132444293
265918098
87791666
81304795
160763400
180586733
-1
140333674
104750173
170053481
57244236
241205905
170585773
243263168
95784860
257846390
162157071
267092553
191967253
163212052
170967621
119335931
232347191
-1
133032588
145526086
135283805
172135081
280108880
136785537
126362211
259913693
131196047
155058114
99255876
192099457
114600680
242531732
274630172
145262575
102660798
-1
-1
187968790
158358406
101876848
149827361
124822687
72876124
-1
-1
139463200
205985214
202652633
173444910
130508746
-1
149672889
102329074
350379315
86389522
144789940
152209790
131304017
138518401
109423642
179149542
135986068
143692550
158289540
93452873
203022824
-1
203062836
117942878
59022591
243087624
85214552
160492623
156980076
125489559
155948359
68267833
196100849
101641025
121299944
38036167
245780921
205252025
154641960
176541932
158295705
172746394
138491421
133454625
136451549
101777070
250501610
126662302
192412369
168327498
77918489
250824226
-1
149180416
141317914
75697755
138493993
67554410
18147248
157185654
145638849
165436100
-1
-1
124973566
-1
49685301
160908574
165808262
223186496
80988511
223520830
235697524
124546490
92025209
129803563
0
185520252
298031700
87401330
173224500
188057555
152108658
136611083
164181838
153867587
164335014
163748427
156887130
70741081
206408516
88790262
103806874
0
125908350
166997047
157696467
109335954
145917014
153261087
170628892
113251302
168878706
-1
-1
98453463
152903314
-1
190709695
145554760
63845663
145755764
18468366
-1
145350575
164215770
143999784
143472257
213017137
138222137
156386811
103887260
150610429
-1
-1
137468711
163502502
275832541
125703253
154660442
182353267
98380805
123994814
144360780
190440411
151391682
146421485
180095661
94342127
164628272
71321331
-1
104341875
-1
29587668
140984024
133225591
129839915
148080624
213040988
247805904
138640380
188743231
83447731
93941208
206867093
140720451
184452224
151689879
0
109867513
153688439
143117465
245464656
-1
188413206
159845681
132879489
-1
149992698
170669865
-1
164756090
301714879
70805788
186220053
111079579
125244415
-1
-1
119532589
226653228
211602931
156536743
76286833
213956280
141300300
-1
-1
167647097
104646713
120021442
93534997
118944512
177100860
205916863
-1
107412245
130502779
296222777
109106775
177364844
74329313
156832055
167117182
175190789
146463334
153157767
72449699
181439905
178018683
-1
252570345
186558901
166408833
154385525
104777904
147322172
177520366
0
125038407
119774816
214460887
87792717
91982790
164625580
72503441
52505419
-1
84391871
215358159
-1
151258726
171642113
-1
148586817
162708650
175675319
49161188
230220946
239407874
135127108
160925288
225749757
91968115
205331564
128450576
97519977
160019145
-1
159882586
109103690
72760603
-1
119615542
150898751
71476504
111327123
140916540
181254128
155409582
158006249
152907573
142057377
150012956
143824696
120994754
121383579
110819708
214523093
121882258
128760075
107517046
93949305
136022513
102642306
224215672
281348864
37962147
61700994
55793657
167563321
27651696
74959706
221240789
136473455
54125307
160162307
168626566
119336459
157846294
164023876
102075577
176077516
249277881
137002072
64337318
178174308
-1
164300950
95655653
127343002
130318252
-1
-1
159091362
153795537
164110073
230749241
-1
108299788
122759274
181772478
95938184
96273208
171592398
276193459
73544628
-1
124458216
87518590
219874008
159298025
249063091
137786887
102999089
240888539
147483239
155707546
115976302
212444364
229722561
276708773
109887723
216644427
255514439
-1
227783446
192159962
153418790
57490968
177178277
119860161
171546477
145981331
-1
193164962
216219254
-1
198415816
182393148
107438568
84836101
98471393
277936901
-1
238849533
131589644
-1
170623356
212592631
240118271
144970140
-1
-1
107571648
222960422
97678443
124886436
109525521
116638032
133787327
164324358
138140433
-1
184532695
119438864
-1
155177742
221366917
143728336
158368272
-1
178330986
121343246
-1
174374430
100816948
34139402
-1
337110452
196996629
108432460
134843428
154609759
161889104
-1
133104425
48445224
224859638
-1
159822931
119317589
94651039
163850735
268832602
-1
-1
196722993
90343350
204355407
146265723
58984696
215268192
-1
86403581
76464158
39048691
159379423
159510744
59586557
116415912
119257934
59484571
66632758
82859809
118552046
-1
103142299
258538029
166815951
-1
108120345
155444052
-1
-1
103177769
137790269
125045304
196348093
127360968
117295549
93537674
231309022
-1
101096233
221881191
150536232
-1
127156394
174445307
161264326
157833386
169793841
120026071
78166349
278708388
168677054
134453425
117615940
167072389
183440808
177849400
55670893
136072650
218022911
167008717
220098773
64913390
-1
208697645
191425457
219017174
143378932
-1
131861957
100155550
78602070
184518286
74082828
121900440
197963719
154460404
183678547
227985699
124348105
70207875
198873266
-1
95454551
149090820
160058062
145124092
75918294
46076650
92096537
229215402
106016014
0
73189532
181843232
326247726
123686119
76193416
149727508
180379227
-1
143575123
219519727
182556734
137835914
201894931
143904840
203079368
134118614
-1
249217614
153688334
152622840
107783661
175860921
-1
116477379
111458394
195915434
210106363
200588886
165328053
181375943
139570164
166771829
119591342
106325709
192524072
101882555
87989182
156459809
295325994
100823362
177906875
76545636
152015411
162983748
165757628
235422897
-1
127990209
107282743
183606630
180689813
250177291
129160637
201104721
114056845
138484369
136775735
157952590
-1
162934024
103445409
207345437
83807213
98728097
113179421
140912020
274807508
62120231
194039636
143094876
109907183
100094329
156709530
-1
136046545
146637737
71443092
186409754
64536402
-1
99192988
152483901
106236935
55781430
92987199
128927528
173787634
172968852
-1
166321611
152206825
150002693
144920434
153560792
-1
219534013
196764123
120449700
217725981
78032453
110750313
188704710
110132073
-1
114378809
209353545
238738505
206302471
-1
123959753
121715243
110868182
241165089
148036965
182821399
117099617
127824290
134959925
64540625
163097871
166894519
155122825
145014506
119740904
245412857
-1
109805182
90683532
94035966
248196871
31052289
157652042
86737014
118602182
132126515
85390732
164290239
248642262
221624376
248474026
167053077
245555142
207881795
287549392
178381536
260777778
144216048
171161332
159192699
149136702
72678356
192409692
149449243
138476900
241397297
163728810
193134623
-1
80267479
124282370
168252921
-1
-1
137063444
181735517
246627932
-1
133342848
240029115
51401318
155955687
150992568
189649537
236803610
143214234
113482998
117322841
121502668
109289559
-1
-1
282571329
121688125
97219589
111143260
81610488
188140571
174197028
165339352
184377726
173208691
-1
162645533
74389869
156859852
166583367
261949684
177530631
235265727
107772512
230423331
156797719
203266600
86553827
-1
176393718
0
242544915
190346219
147502553
143097930
150608789
160313232
129556229
96294471
117065508
-1
178274908
89050999
-1
150766371
197515988
-1
-1
100514640
178767373
129633940
169200597
270823599
173435274
89213600
169290525
156974953
143251381
77915415
129802708
232563235
162739836
67272450
139293981
123579747
189791712
176484634
73042582
207259742
177668344
126537185
159601981
170443909
148139013
94594736
141331108
143964655
-1
70285042
197560531
133574033
152430992
196881902
128221060
204392097
80778370
133887494
107716149
122536523
227946324
232880241
145359733
160608706
113117698
99307330
165955124
-1
98027598
129953988
103453943
81355442
93390848
291809210
184842514
123719928
131875651
154874903
58460897
118829620
106416870
176665283
131701493
45763856
233542187
94603492
-1
146222906
123454956
128459922
126189910
174168389
141617086
181384231
154814531
-1
132747661
241046713
126578082
100963226
90438182
274483242
234563663
156552615
-1
56385337
120253911
129690236
132434254
103398500
155089265
172645417
147016286
67834145
-1
155519791
101738860
170034045
-1
175688568
213130984
140501350
134165353
147579255
-1
116643537
105086814
144454546
141503784
146147431
232816673
117789590
88799268
-1
230341945
-1
-1
0
-1
-1
244571124
180751097
-1
167377024
209729261
67853225
148414747
66902216
106256515
118264542
134505705
114567410
170706164
232938720
132305980
51783617
83141756
136387149
-1
83225463
158890864
273994029
113191045
145135367
139756432
134384038
202710585
185682516
316418322
189730545
170009734
49002354
92692149
120416774
253016539
216898771
134284761
123091855
90559971
104944301
164189074
-1
-1
182923537
132051643
257926439
139933425
100231374
171360199
120571583
-1
-1
175568014
202465057
109559767
99510569
170213515
116045419
162566305
-1
-1
123186368
241618676
184551492
205998525
-1
133605712
182520327
120650616
215631212
130351789
343017949
-1
160383052
-1
130218717
76992415
105065785
78496160
75361035
172460954
98941457
132442457
100774735
180824217
116637832
142969112
110191376
161956361
168917425
116759704
148699854
268552085
-1
191754185
178738112
240030496
89373120
184583101
118457825
95964439
142200687
174267052
291677986
-1
-1
199981888
153297060
82213672
145698710
-1
76284431
193575033
-1
161549190
81343025
102103959
137056819
144414617
149734672
123931280
-1
206002334
70848507
143899007
-1
44624601
178565910
0
262480487
166248754
150183862
100400069
281987157
162319513
100777814
264298883
128909073
161093183
149058298
133911112
147968287
86483976
173936318
120590825
137044760
127019834
41118992
189167534
-1
-1
145481758
86005376
166185541
172083638
111544025
154936748
168587416
116465294
91683830
-1
165471765
31901295
130898018
70629082
122581523
59457266
155123364
-1
81988989
148651958
174342830
195146087
150883334
110929065
250144134
113280763
104845027
196800274
149853328
160364182
114369998
90653500
120414968
0
-1
230137466
163879514
231706285
235469186
173631644
163907721
200943489
-1
143870853
257561898
-1
167091560
146667221
136361185
192982645
-1
163439233
193952254
43533293
115461219
-1
201242850
172742042
172975096
-1
182192921
142511635
84100730
180606903
399603160
184863096
228484191
142942745
170893776
152127324
140943772
-1
217980684
121387056
174101039
91058932
210830912
111076873
107175259
117868567
157338673
221000397
145963217
154035688
-1
156550327
106485236
119939139
111831822
213443348
252130773
111768836
107802009
127105539
176634529
189370320
30971766
116077480
219284943
119193727
85971181
326352228
134423852
187571653
268497983
-1
187905375
152916832
85553642
98735927
-1
-1
133619745
106989442
161110830
131782052
131368090
88392057
155879663
165897534
-1
93722664
301300797
73837265
-1
114811157
137642151
162566332
156250798
85416953
112008064
82342069
-1
158696428
154702360
0
106556070
91557560
172630041
266863949
136503018
150298989
245478511
210099401
95987171
95990481
109902916
87179253
80633586
163316426
92220910
-1
165144357
200845923
-1
83705315
-1
157053205
147319321
150259330
137770419
194281467
132735668
266022843
110068374
225536458
156052211
168101202
187389244
145301982
79259339
188720069
149088303
-1
186823840
162736864
140529810
-1
158431197
106504458
179939258
94965099
-1
72225142
95053968
88548439
203183145
348756916
120443734
147982708
183684134
169236846
168017428
180175373
-1
155881263
135616889
100879854
131080952
146103198
103443259
130015890
101176408
110200792
133599934
158936877
156070031
143133522
-1
176806924
96838691
190395151
99698007
198634888
-1
153662833
130321467
93248589
218159698
232500294
41782205
74260913
159671336
132830834
166615639
-1
145910377
173828655
101663370
122677673
141560551
160043298
138171271
247367177
0
184685082
-1
93588239
-1
154955274
229896329
209679058
160869541
-1
187512574
163245186
165449252
-1
95588900
185591879
108223841
104528988
130202134
92255918
106757729
183172977
119069111
145480390
129727905
131007389
102286461
-1
152262438
165954748
51439076
137656197
164978816
169011209
-1
158979679
96888217
162603892
132847115
227553043
-1
-1
175128661
160689795
106969076
195540217
-1
151195231
130723759
148882556
222302573
143477187
56030510
144437936
212694509
150918824
153691843
156923732
179977407
-1
200588945
167363502
121468905
147995639
178768839
200254335
79815263
95809894
155304303
102496544
117152340
88542796
190438887
46143180
243000174
89119553
48571119
204169199
103686016
117038735
162289712
178141304
160330743
117372027
124617508
80320427
268124818
252758966
86261770
197441993
128928125
206684128
208255217
143307029
72746896
130012445
136487726
168758629
79583444
167279693
144848346
-1
86021116
195021067
281104565
145337545
143354220
152318202
114092057
108700761
214906185
239927053
97398849
0
139570956
152973416
94317155
-1
172017722
226363835
157787265
206447250
123025325
184593433
79959431
153366144
83781059
120453938
128786690
144183535
176954434
170310721
143631714
166771863
63584317
139931234
186810609
140679021
103848710
200189441
157882429
172314320
139149408
106278452
160678536
189704782
115935019
148467517
165470695
93406686
159401058
-1
112489053
-1
142369372
-1
122680986
108205951
296033576
135487285
-1
210278738
153717419
232340073
182073131
231862208
125089704
197355787
-1
146671092
121935735
149222540
184250130
185889475
-1
110416197
182296367
56027469
149168179
106471750
146881988
69845182
180280597
142524088
266317673
134205812
161450568
209236168
66552386
99771372
122902650
166931994
123843559
132835927
172078201
146191697
185980449
169967930
159893557
42629933
94061223
159574728
140870208
205092793
136666517
167138721
121207964
130568413
161354266
234378731
115534367
39874175
93846552
-1
186765671
147400293
97008375
268658340
72944124
66994657
227356668
-1
159193612
129434949
216693721
146755764
152160144
-1
90249049
118348696
-1
183177488
163331668
-1
-1
235728065
194120914
109945466
110116279
221299130
141363862
-1
319613079
186760262
166668667
171564110
73720525
163510215
167274069
-1
142079421
259425575
158320229
259259796
181914020
47937852
-1
154915044
126029858
191073630
75964076
-1
73529374
128904912
157606320
96055513
165011323
159310205
258659122
71301470
168213239
209243778
76216835
19583091
192366126
150337056
168798189
-1
140423273
170862000
123171172
123066533
99688547
64136381
100440733
116535755
83720659
190488913
198453603
-1
153811880
185111520
315013507
103663538
247771708
202333456
-1
125126674
178731381
89231952
234408633
315033383
58878375
82861553
98898420
154619098
195454482
157414500
147894626
119202270
185996227
140528177
74654093
-1
223228346
117649514
125749473
75796460
120864526
189046854
-1
330875182
103732758
128658074
67787780
164152077
0
100733284
119488475
95512251
216831219
-1
228972417
94454892
120388879
182404317
182948286
57475177
104836040
86880201
144197985
118886823
-1
105586466
198470009
-1
155363250
-1
152827507
157075879
170395179
-1
116040649
142749836
99014590
107073938
287322926
240113013
127839075
112051189
83684855
154678096
115886583
125636370
108104918
106144042
175031333
251579753
133349667
196978675
196783579
-1
187229906
204289751
170400102
-1
107528343
95227505
147373597
-1
168474670
155774140
161555803
182084720
198158464
100917097
-1
94934995
124724243
175091519
108909840
-1
217759895
175531396
129118497
166839922
108774028
211501495
210299828
167862241
165662452
112613907
146463950
270189149
74377379
-1
111122585
123930941
90116732
140631883
-1
153620733
171633184
121441521
108565061
0
300062013
92033930
213337905
200468098
201096550
-1
150956139
127652077
187461589
171535679
109922896
77177865
115159883
85315498
135694316
127259912
111904498
-1
205541569
58057609
147108712
162272971
161769824
118496054
135763270
179736264
147971579
142482913
147441579
127930741
226954985
141679569
91213690
181939598
163948589
85384167
116164794
117820400
62787644
144896706
198478895
78728567
150111049
180512283
84453802
238262846
-1
82793856
121940004
121019870
75182484
151392638
53536922
180256621
150397148
135555845
151066512
-1
215239786
181868341
-1
253777577
94470935
100165178
111217152
198982435
180320130
-1
-1
-1
173614150
-1
123480706
222468471
-1
161216363
138175610
68242274
205123671
79065384
148636781
-1
89670473
128892499
139031968
94728018
176846633
-1
77222195
145270650
195924287
159296519
129254824
61037602
120726436
176193482
122006108
147136948
60701752
155168429
-1
93088849
92702585
86042980
199067621
173995289
113737554
225551307
139969217
170215157
-1
-1
125280916
223544104
217209579
239078129
59750970
120555006
-1
182747087
-1
99291713
261350476
102774187
111388693
192857036
164037983
166913613
96045993
161631247
202036427
176722404
-1
190682557
139209639
119187783
284566221
272607787
245575194
146521272
210961982
68192048
74671587
265313437
134913621
163921847
-1
215462573
136340263
132037939
117247320
158909344
145620963
157307973
-1
222540408
187734523
174665275
77986428
219027077
255914402
129413376
-1
132591769
146103924
173075795
60735949
137114488
105322415
71256835
148549399
296955670
115812217
119115945
91312849
96995115
128258234
104273006
196204255
-1
106657458
-1
115293063
176101040
240572695
141644598
-1
-1
94479798
189664029
209517187
148126361
144199847
121639044
113879923
149033561
-1
197072926
137438847
124562364
277068093
147759164
200869577
122557921
253773883
101403957
206964170
177695731
67364203
178956327
286334994
86710412
101081788
96145002
146960123
-1
128095827
126598796
347003160
134191427
157776174
131806773
-1
166776745
89422483
198722185
179489649
130579219
145850741
84060336
171976312
169839513
185220811
204732767
128768833
134587915
327227021
139232460
169602968
117868630
140416371
95552372
137348319
140080738
160409331
96853634
179990906
179648522
-1
185885754
118666527
62010802
193372156
184694051
109125545
148900637
129458030
-1
214947166
111692395
144557956
148669928
95636697
76570520
105500576
112471751
154907624
225609163
133564665
279030621
145500172
-1
200653923
198039978
139134979
125229936
201236031
147910363
104929434
213807856
109578098
-1
205334624
112785129
67232816
100463589
224205358
171747949
148122461
-1
150598194
151784999
154455175
199415936
151394151
65520744
-1
97942582
138761429
135609278
229107934
145124265
130422171
177577754
177450807
83604538
219653002
179021159
-1
105308972
143455566
225074968
-1
162796719
75173261
149238920
186038513
169826854
249293863
210110709
131143368
213392720
122079820
-1
190474198
189310093
139293414
70521474
83512406
-1
104883725
119523102
0
207080563
159262263
228674261
187048031
88263060
281647919
199915977
114258000
257124572
-1
42179659
177069261
-1
101230249
119622624
129464268
128098899
72631926
144589928
179791503
-1
215656941
98533070
194489137
173506586
154324738
100920513
190494448
151796953
169994570
106115910
-1
-1
277998997
120170370
161850273
146271739
134095747
-1
135884404
122082976
126974010
218619355
-1
131583353
124960163
193341160
152273936
133166258
58333707
177047489
-1
207309969
101356041
40378226
119348228
106795557
110523747
194615197
-1
36686884
133638565
136595553
129477674
90501616
71097587
176198008
163171402
202859138
146584117
163555036
-1
91393588
145156612
103158626
230190542
137914222
200475561
229882273
149608978
76882534
-1
229598514
134064623
140307076
220519451
155294075
79846114
74536916
149528172
65779338
54630463
51902842
120370566
121038683
51204994
135665305
96146012
165735156
92950541
-1
-1
101330779
147647575
74464562
0
169274888
81539661
91288014
93603190
197052809
129952611
-1
97264088
-1
89301747
87489098
61385504
119307307
90072676
146892703
-1
127333410
154669204
95152770
149058278
11594121
155628639
149944970
243295842
109374966
223913643
67838372
161032596
256477901
102047350
134723754
131614304
117470123
169795886
-1
-1
117693594
141429128
105839039
214742807
134674835
189223954
119693042
154252957
-1
159589196
255340653
-1
140179016
147516901
165940698
242539518
325388104
139287854
178353817
-1
134523620
124494122
157862225
155130851
147289959
78148290
125832725
144940430
126451590
91808270
166745002
-1
183929879
39941103
146684602
163616342
177171791
75803026
187550345
138030981
206085579
101866895
232437557
200093123
185717699
160563683
213696579
186629534
203380762
90063269
71750479
187540846
133962078
72718693
-1
118940367
-1
-1
176514713
97919203
153374318
101911466
146060209
116692770
152624837
-1
259101450
177128220
207219172
184764933
-1
163271875
89341285
161678969
171646451
180924558
110539262
183845855
119145630
123632029
-1
217217061
142644101
-1
164890295
130586620
120508625
-1
133904649
140220321
0
119867569
191580537
92616907
159873755
91066711
177291546
153837645
188653073
127306638
141415204
103890066
140631442
149512580
140468734
188144180
199926863
103586676
87855669
142132109
110591447
91144452
-1
227649015
169961930
127153987
138409526
-1
77328343
187665409
98398124
144496535
214500856
200373532
134811701
100609695
122446197
227963227
130471375
-1
-1
59148196
0
184591823
118764398
173807493
-1
141620896
95356662
119831718
121515229
141075881
134836496
130070304
72639328
-1
-1
-1
177876633
172247285
-1
243222546
-1
198548700
176208713
152194458
216857582
132542562
185054440
170848281
135881041
221237156
-1
-1
129156529
154006943
134537907
191971947
202228450
141530136
167156542
268623615
132245375
88086210
176722753
129832504
157331762
97315978
80664389
159644569
130984601
-1
42582139
165169589
180371013
152371188
156444702
149631769
141353290
109243432
180070165
-1
183292623
165366246
213652164
124188930
98450202
129501650
161116959
180132556
153715137
113055892
162495961
136465877
112204675
57975444
-1
-1
169618783
110612899
219905339
91051760
154219979
173384527
183755537
120289836
142791909
206253607
166673426
215768820
238821717
166425335
193990029
104447748
130232486
-1
130225458
140566113
143366244
104332034
191164529
159372375
123954210
231354351
196732987
144389464
23197737
148147986
248493191
95450581
111473192
106788564
118124218
154553441
193972961
103574436
163541430
87538390
-1
36585705
180849357
113587305
108898670
145005660
113352204
202917736
146763041
188708810
167840113
121176857
136189601
-1
168115460
194623848
152902676
145309071
119185710
-1
121067319
134975807
-1
212206651
183309851
36343438
124783831
74111341
306927061
111111218
114940425
200452365
-1
136766563
78156934
177685207
-1
128426244
96439932
157424400
141945702
114386254
-1
236992856
74771043
242627942
137496404
147180401
164897285
187322288
102727212
239449783
162770665
140294474
-1
150632183
-1
101566601
197018669
215595119
147154949
-1
125099212
127370284
-1
193800311
99092130
127332438
226647894
149552610
143237144
177310119
-1
-1
124953740
88150523
235065157
82061354
180438387
-1
162960140
-1
138602970
85215151
146426159
198102231
190770293
133768891
86772843
157636848
207899545
82791627
193622408
169600282
207112063
165529651
81877320
134182512
297608086
146727332
82449759
208986922
136530280
-1
270047909
220701256
75208181
97718774
81057212
179977440
123014208
-1
173730469
201527154
123983611
136086337
66807432
142731772
158922103
-1
80536539
181192649
92231141
61594662
114933644
107680480
253391023
104408554
16755061
165481911
144908474
-1
-1
94204645
94701838
159872998
113876002
182617378
-1
230170944
109853760
118930242
196951460
181434881
-1
134019159
272266276
0
139896555
58506204
165891961
197737039
66143914
124975944
-1
154443235
206020310
76215557
168220752
154633773
116247543
122313411
158631361
-1
116611850
84116792
87751945
101291304
85584840
185726462
161208009
-1
147309230
170270407
159042498
143506653
210342889
206544799
181483191
55171792
101592844
218561070
129516883
54596202
-1
130949268
146297673
225091912
193381367
186450846
164998355
139136538
88341692
46594865
82580534
183067567
230162735
109088889
68555729
-1
149265227
174314632
261552980
135096674
79322441
285360250
135088210
124867681
98894191
100188145
123369906
108292244
291992677
181770911
122586814
82531064
145604159
177728069
182547191
-1
128689079
-1
321867016
147197051
181594008
148856329
217234568
159884562
177337069
173819682
76699612
22821205
145453109
136188154
0
116995153
137406017
-1
173650912
241850176
219124799
211943212
330703786
262070470
0
139949286
0
173516505
103145780
103328122
91928012
150342949
92746584
158441343
151533131
169002747
136695109
-1
37303690
228501944
-1
171369468
116225806
98805326
158004881
153613079
299500697
160881979
192411328
144634915
97254684
-1
181465682
115998932
113636996
-1
156071216
123800613
182200172
197315389
126798985
303422588
-1
97780845
164053189
197559611
-1
287602334
80782470
180547240
40910807
177101962
151698529
115666627
185526380
138176706
-1
150935682
166649704
113510937
188647186
166076323
248692027
122924246
169051946
217796596
126596710
125775466
147217951
127085836
136967054
238333624
-1
154398024
-1
161475090
110317335
182486143
100678150
231694906
137497081
274038338
98478143
-1
223458741
61887079
13700659
256093098
29623296
150138122
-1
157950072
82341176
157348786
96665965
133214647
133885231
123239126
183607509
134018126
108455389
156910486
197671048
211996584
112988034
-1
65308594
-1
87923228
187069589
103496882
97224960
73174900
-1
192184555
146914787
120459334
111303220
119812242
256682769
174468652
177727224
105468843
71123328
189847445
240296163
176114379
138725335
133301398
153577691
227875139
105198315
-1
209691267
109000816
105194963
137018182
225821738
106084854
170749718
101111842
70522052
209450038
235997321
183938659
170571305
256537245
197419979
194553157
158188271
-1
217968229
-1
95231257
140403446
122442270
158910885
116619329
137786835
121078923
155429045
169496331
-1
144143148
198080383
91747174
203413581
173598614
199999836
156420458
210172758
155315131
129003248
205554898
115920628
82789754
123301111
252898809
193296890
118214388
168839421
106942456
-1
-1
107070402
180454309
188288689
199168232
111466585
194810901
205344874
122885453
241176970
170660767
127244027
157303384
153111206
181215697
119826948
-1
173367990
145260842
132624609
146007885
221934916
-1
237870609
129077062
101723661
46839295
217594094
85885800
18573764
224085160
129426085
83340371
138997598
88517715
195706656
212711004
193474687
159372302
240777775
184757602
-1
222170324
119512297
187779220
116128090
-1
133421224
-1
152040713
223331297
159454820
185800550
-1
154582112
201511260
135414465
189820220
247680530
191727526
237516258
91285126
204565653
153932561
158393213
155825956
71072417
251533074
142371159
199826208
-1
170476560
91537094
117867044
-1
238256419
118468410
0
179375476
98256109
183286379
216097101
128999627
208106207
129897775
188635893
268894397
113554508
172850850
200818720
150091145
159473005
202298141
82687642
140098674
110174541
99474528
166494370
90357934
121596979
94015002
152794468
99437808
99170644
201666516
105873406
-1
189666173
200184142
202390677
131549924
125274883
224929779
210091791
124951835
223786025
196455486
134597765
110897559
194660137
108498171
235924340
104586266
169710739
284300953
142006107
127863157
106934984
159839354
144253920
238786899
146668257
208601914
124289663
162513788
-1
180942366
95424386
192811708
91301289
66212732
108586755
44650681
187315487
-1
161032393
233834064
157237856
155470476
121844074
245507027
177128662
158890676
112219965
173640862
193457826
184924092
353980000
166470858
180759159
89593654
128069133
85926843
85452562
102438532
-1
221178864
139374606
-1
119205096
175953698
170776422
217627461
154579021
143162887
129517288
151906756
205549642
142907112
-1
-1
253821872
181153551
68961886
206547427
-1
149451027
150131779
164707852
165121927
195177525
209484306
120299964
285158234
76978065
157536686
107277306
159618977
245266705
130803708
-1
102420743
104824397
140127017
-1
-1
214745150
107591979
269931043
199375874
134816847
144537978
171979325
131147345
-1
184264255
133098267
101028008
202358741
185986345
132238317
187585709
162107392
116847632
172515934
113546343
216490627
146887750
28419983
174182336
0
-1
-1
76176732
100242242
139211899
230501575
230385529
132820855
128540278
0
135595559
179406973
120991548
167619616
142140692
199225922
135023818
183734264
171670080
114740915
203272446
94026328
175559154
171842487
138788755
149064545
100882933
-1
122750271
124152520
134075656
220828073
181730302
147376118
165422097
171405567
115694873
161525119
177177662
144279207
-1
94891011
0
80579484
-1
143979578
167590130
155263062
184986476
129671843
152965245
169160783
145286315
165873034
126283847
163019626
182634872
108327622
0
-1
191125450
199403470
126325340
174241507
170534274
-1
149181045
233261031
147829328
161099249
192623560
0
102536455
62571886
84674165
191108643
95705259
185208661
186520717
96041835
172268027
75058249
143888462
198409201
133882014
212481706
127014898
205131470
137187402
-1
187650722
128904019
206868153
103672949
75380373
127373889
161321425
140101354
173339808
267215857
118711808
193080916
157587219
-1
-1
156132263
78961458
167782367
198369883
82164082
-1
193615652
50645401
155899077
185969993
174142845
57458542
156014429
20225714
99126773
178732235
76740220
148510203
116893565
149103717
164744934
113492080
106269923
83588338
130584992
299645476
-1
113861784
147089105
121034224
99037917
227989431
-1
130358864
-1
90661919
111034320
193219041
117284588
79629652
120049914
-1
96438444
135710673
186994586
172262835
143695873
62906316
265978708
93762432
97042715
119150821
211441567
98575509
292053318
190883892
221633576
183107904
111341610
122018058
199478136
92553674
163406020
354027537
-1
270639747
166467159
133365831
-1
24919501
189516257
187277236
128811562
117716230
166778916
131486674
97900713
189404498
127485831
-1
335883377
125018664
178157122
142465019
81779762
90507724
-1
78189895
253651782
124967406
119758562
238265990
167078508
121730912
109339317
110638869
161448571
94681348
89806017
125620662
110307242
-1
204311827
160704603
125830681
-1
300254217
201101890
-1
153246492
124478419
126490565
115627787
161723836
243854990
108572809
-1
130589036
181935425
-1
-1
279206910
194728387
195902529
165826496
131165507
134206256
209058730
114024468
32502630
-1
189648279
139775129
184712513
252817501
102444017
-1
-1
176394880
165185122
171004361
120964320
192489128
-1
107399457
-1
199142666
0
135281568
103170284
167521204
209138542
133647913
135329508
157086487
-1
110044604
179214964
60132635
157591212
133100745
-1
0
183998996
122921244
150282445
93204202
205587544
90902103
170799121
196455052
155442500
112234433
105157968
168385951
-1
165292489
171470633
105836554
222133731
129212910
157596102
101765667
178486511
108600907
205834317
56330547
129378085
156764932
-1
113048090
130175802
143447753
67001353
91748698
155532871
212625638
140931071
95014609
-1
175696171
203515561
134615940
-1
31411749
132456350
191250008
141642197
125705544
157376857
152602392
163659518
196194166
116536606
-1
188323326
182014796
210240152
179759751
60560489
97110885
122299524
170133088
-1
101898908
196285134
114403978
127999092
72628866
123967980
201475535
170710562
117021506
-1
186274002
117251963
159064073
228157028
83009900
87451067
124382385
183009532
-1
190354570
154092255
137945769
238599336
169211429
102118028
-1
143195504
111256237
22430874
100521834
94356577
187818111
194906150
282811155
184630575
153198633
127918794
125858328
155139263
57397076
106672925
-1
138226730
-1
120141153
101693840
154311447
181464296
113264429
127714055
94413448
-1
132320715
-1
142612584
152850963
203752156
91350905
195097134
70903891
136099773
161346185
115013618
134728852
121059995
-1
211593188
266136499
138755112
172521009
82673664
-1
142766296
-1
160959996
135526673
185038071
198753389
127809297
148121031
128488113
199551414
223963585
116496556
211445717
-1
-1
88366927
94178694
216690508
105710028
132471981
115912695
295093157
-1
58990192
-1
71612203
106812633
191329425
92428585
117513435
128717936
139463108
100833846
133607636
126997178
197964575
201595766
82901197
242339459
76444816
-1
53720359
154710294
-1
146942420
-1
150691096
83108201
176474183
199663554
269736938
240946492
262165061
116144387
80076276
213137996
-1
152388659
110757519
201034849
227931856
172150521
221985863
108538932
166147751
237013437
205520192
136413932
184618773
114216810
143300523
-1
187103675
-1
174064149
227443631
64791034
181497750
134504472
122831919
-1
148348348
154282272
47456120
260352332
-1
0
163493670
-1
175889534
-1
119473780
208133825
140293258
120749757
174638052
117222665
262983717
131912762
96005432
186645829
145138618
128576517
104310149
170996865
183739695
179982786
206072080
249430392
205275113
206110138
85694582
183746834
202164179
144613098
189111624
101007006
-1
215785157
70477235
0
168576394
122472252
-1
137041702
143263376
137538439
129315689
-1
132740255
29096018
112916696
142611355
174382188
114388812
149539280
85180028
131785530
147978744
119086435
191496530
155155279
87478862
251051387
160624849
163133463
197535078
-1
182851916
-1
95244632
70449186
128581803
127214639
186266158
122938818
109174836
107554313
142650736
141258354
164602574
40421765
109396565
143310761
150885098
-1
133019405
180078900
100838495
153552662
174999350
125687195
149405700
129341866
184534215
118917650
172732355
169462603
213288366
68857069
179044255
123185785
246134820
161803937
132176649
155156917
205968929
397088231
-1
0
226226794
-1
155272547
228482648
139931796
0
61043621
97230057
82401706
113545716
100172154
66432447
144003543
174234440
232656886
131085718
0
124858088
80235408
114054767
143070941
197071642
164598301
-1
178327454
133606697
257493881
86783961
247707261
89027733
70675290
108659981
176365815
79326740
-1
182830063
179762819
126207689
178481337
0
-1
205505251
248363193
94867148
128611265
193730460
174761384
109234155
-1
244263095
92465511
61515169
104012259
-1
266147190
-1
143350512
92836679
-1
80844070
130163129
153564842
207220998
-1
218810474
140096052
-1
170676882
118261093
74465130
130592949
-1
135208065
221888160
149031390
134046896
142744607
251215937
228251817
150768721
136116344
157769584
226053145
256025504
-1
107848006
-1
101931229
207272768
161966452
156598169
132005692
108806613
162062578
114655589
142239323
280959445
122088727
126827415
93046391
231569661
70582267
91251513
125600204
121598546
190245866
128004006
111712032
168290963
127135426
63195331
104109036
205926861
-1
312093178
146820338
-1
151914590
99126506
142529237
125606472
166760900
130081000
131296772
85593029
152476546
109221217
146271293
81615665
156336902
284403621
151408921
191152618
55700367
-1
174051377
86762347
177070284
40911298
159037338
179051314
140125136
150850033
61729636
104431328
187175318
-1
50665839
127347416
176977504
88403300
60270291
137653726
130699463
173227543
-1
126069385
168902230
174317563
121482243
245306317
66611437
146061112
-1
165387423
217241846
-1
230022896
263361202
64074803
144797639
146275603
148381549
79679581
120750938
106541101
200882079
43952943
-1
207639999
151065745
154435703
75186407
128528193
181067672
122492378
131075698
203865990
123687528
129214687
113223284
201795974
192632339
-1
233287879
98369131
99947800
210794496
-1
338495538
148496124
173580814
146870852
-1
173528601
151586917
117864914
86053915
-1
-1
174494394
105938007
-1
150500724
263141537
-1
41674562
160276393
138856997
107522244
284201427
207585702
235239495
140820651
174662198
271130041
151883758
130400511
181393434
218470579
163965342
148746129
193224183
127459889
136560593
144269618
71519515
96194027
153039447
139379125
122396053
200247940
115146268
139480568
275681956
182062159
240931623
237657845
206357675
119227096
192739712
-1
152307264
237332883
103691617
125390634
135804992
257158969
339587376
190680437
114117927
344070687
192652164
125164660
142125686
153609459
158535237
-1
134527149
-1
248789485
84837783
269427533
114994656
105489243
169137719
172017424
147863895
127772783
151084830
169839836
125961356
160138593
187337169
204033298
59970041
242424884
145158287
283417425
203486859
147327784
174018110
-1
165249663
-1
130353213
146742779
115381847
179255481
189059684
117978156
154809913
164640314
217607908
171678017
-1
130734778
110991107
166969685
144435174
144313525
-1
215082674
164313591
194866279
100085008
103277431
90161709
148609618
191298924
220793442
181921584
91973282
-1
92818627
148963036
172605154
163472694
128920021
165051679
153306309
157492271
177834528
-1
147358828
200481349
152633556
151355009
71029628
52274743
37006291
143887146
176351843
184679291
175852116
122521295
155613676
162998686
182922571
94359674
179080794
99218468
219943445
184228489
-1
145823215
-1
101839725
161153359
156854843
179617213
154636605
138222926
0
84078835
189797894
80177810
244326941
121850196
196557078
72643221
132770939
124851491
110375937
129243345
128775152
187557355
154612032
138787330
142183495
157517575
153477026
99926980
133084103
-1
66082750
-1
202043870
78831445
118800127
137251279
213700366
163527287
82543598
128200488
72714250
-1
-1
147949748
-1
158184251
-1
96918629
-1
116436380
192160648
-1
-1
160048859
199743243
219525731
180080046
249495879
0
87772952
177733695
196620752
154045652
163483287
-1
148558419
204329147
143623471
238185646
151422924
106712294
119841870
94563077
-1
106657859
314882393
97661963
158687129
180119751
155340185
165905355
88677961
184344932
144476139
129206615
167464503
209320731
125544092
141996306
146437997
132664889
124642591
303890005
141246696
231802614
132875435
132274122
136986641
129462328
-1
139752393
-1
106309320
92004364
119881964
90825214
141609914
162060480
150193448
130691711
127757533
180189087
187838452
121463421
-1
135444927
143561235
212656994
207078857
188204346
106154218
221064961
122027104
0
180075937
130088987
195621574
171055228
267272662
103924789
173794746
-1
136306087
237097207
-1
104039518
116992752
138981178
103770982
125927982
239572260
120936631
156528703
155220382
-1
205966348
168609400
128733754
132375026
148573209
134990360
121255866
147298932
186152087
-1
-1
79452651
110813328
135301125
222158546
145812056
208015210
169469791
215648534
206551991
300648301
-1
108379627
132492196
202898154
250320833
162447014
199286358
74369937
110152202
106773237
108008926
106180348
171279715
248326880
120837375
123545795
-1
211134946
136617942
-1
207235276
154889886
183260519
170873035
136518367
82087545
163722668
117597316
251037460
172513719
151436782
95793367
238644763
131916256
169388617
-1
170741833
203893771
-1
173145022
232488890
62421547
160046581
178005063
233617579
233948353
111103898
194004572
128522685
217844912
149151909
230544260
162937012
184608597
247581579
188754172
90409750
167553617
161807310
78449457
108230097
103340593
147884249
301354924
239135884
147078449
156901688
97550096
232496089
313346786
131034121
122319393
140946045
85383700
170437471
32904185
200997691
235871124
98110503
130265170
215358563
113984356
221317440
148673037
124557949
173000132
111124617
143028019
91214356
55797228
-1
188994290
-1
207033975
117313662
136990296
150288449
178164042
60257808
-1
139404314
211876506
186894314
-1
281288610
129461595
180259508
-1
227911955
237652772
230945440
144330627
159043640
242520119
90627310
238674846
171298354
109957388
103051637
-1
144603274
165102811
175706289
-1
148920902
-1
-1
182406325
108715268
131784972
149461057
161012612
118658876
71726309
164001965
122471214
218570864
180703430
199897421
232245733
-1
149486164
93444115
211138258
231514143
-1
93720464
203781673
136456960
170632904
165720438
115394553
81631662
58490593
114771331
144560678
-1
219573027
145209343
-1
148590678
134353242
181021888
-1
-1
107346846
157005215
83039964
136747304
140053159
125103920
110316981
211675946
192749352
250383880
0
240800562
98872877
147289536
135883292
99929206
85173177
156847566
70791055
121983534
-1
203012326
145431143
70627743
125243132
273630080
113247743
150526203
65304819
176151929
-1
207646399
99768371
54758412
230048104
100511610
-1
153031902
273497929
144240601
-1
147757005
178055366
174003488
241082475
149572168
181875517
-1
-1
189369134
238616562
153889437
209068342
132095682
97776039
235527143
-1
114875858
136668030
113507487
92828860
186972215
79050244
170569568
202913271
198321091
123972249
185372627
194772848
-1
98282281
182545978
60885014
167675818
-1
148479261
145081845
193807921
138503804
185569877
-1
149060942
219728347
160140758
184125831
113098082
110566619
184886526
85414134
0
251612778
186687672
228331635
86445922
163083275
293161672
152711061
131164185
190178808
110713375
116840454
197066280
192279008
35580620
161349890
250949811
119941587
97091365
236457828
78192365
161763443
129626387
66919858
176912400
176961726
182476101
169929342
137626868
116632269
149045226
122110219
0
146465361
67931716
198595826
122739583
-1
229029333
159080272
109031791
167517353
176170951
-1
112367708
126973100
146129482
230586584
173978963
192327100
90153487
210224362
159721788
89490571
132035805
-1
173547800
124486066
90916964
-1
-1
-1
-1
177143130
211950640
155774708
-1
123166120
153912473
167324543
201318841
230074146
112836080
86313622
143661562
104207450
154083240
143492464
141554954
114691049
146834171
189453202
0
233074083
181787280
-1
87895270
116959456
135390592
108745679
147266997
134703835
116528752
-1
-1
197101140
179886257
207963012
145945302
150510976
238749066
0
187019156
85202593
99791317
-1
87530951
176291359
142462830
91544734
203237009
201398275
298128720
49419535
104242892
172162201
202833157
213472376
112164582
128606044
237830969
164964367
198169033
118833215
116009068
106564031
137089792
140122788
109790373
-1
120073722
89043926
151056356
-1
211810394
139330812
-1
144228687
168418106
138573057
127825156
144197542
201894001
134107149
81698501
261514380
168921333
309828186
