182384617
113590956
120505541
122011334
101996294
67907971
161568119
157654092
103340677
132178908
58163788
0
142116721
162874314
80782066
93137888
155922947
123604121
241951189
0
181514782
0
175041839
110964704
149623430
126219928
104425163
94305406
153931521
151083457
113825339
48558483
51856598
79511742
134465737
138614169
0
154707155
112716273
131303653
173202070
60373283
0
138164617
187413041
155165081
223504039
117044630
182946253
160782895
211741246
79135209
145943142
60859675
28453096
165803634
85041959
102501031
148392951
112985693
85648505
109560630
158556817
217162359
95716711
135244597
147484267
210816543
81567290
123981075
99307830
130136175
137505103
115038282
85267762
169354978
187443294
111122630
158218432
93558238
179141611
132964132
0
109095609
0
122646792
68349058
0
166894880
144244519
111976099
51071374
0
127679955
0
116584992
128129507
75287957
177619492
173358976
