0
845361609
548268790
-1
842560989
648905106
-1
428472608
-1
212692356
63644945
579007172
-1
-1
0
172910910
0
68825272
376957251
576052842
83459314
694408537
984481540
0
987282160
500115529
651705726
91049292
0
767650829
-1
252288602
228756649
527899581
59698154
601141873
0
742561798
113795456
-1
11326218
0
123200571
255561698
-1
140160333
-1
406348239
494586700
384714164
-1
412498216
492477925
103020071
329474996
110994836
820926914
25602423
-1
518118653
936328279
248461120
-1
14126838
49710339
444876361
988839238
57867167
700810491
549825868
351957220
-1
328923299
-1
444324664
744118876
-1
227199571
73242292
867319447
617787271
305272037
85279020
-1
-1
49363583
0
0
573357821
577609920
986038618
0
188762966
102921003
939128899
-1
179046310
303714959
137115802
143811027
