100 400 10000
12 40 85772199 2
15 36 51212393 2
97 73 4240497 1
94 64 66475448 2
2 58 90649060 2
42 8 85597881 1
34 2 66328442 2
85 52 21385978 2
83 64 6442845 1
82 97 67996923 1
13 3 81480888 1
48 89 24887993 2
27 58 31729174 1
47 77 86907567 2
19 52 54370632 2
40 76 8127210 1
13 12 11236522 2
92 90 97168650 2
51 6 88181973 2
64 2 94111210 2
98 66 22502734 1
94 97 12519929 2
62 15 49839453 1
69 94 85066399 1
21 85 8801607 2
48 31 13106975 2
8 84 54227012 1
95 83 28618507 1
59 19 99580569 2
95 63 49077416 1
8 14 36058890 2
49 67 47930185 2
60 13 72812001 2
58 12 63051118 2
47 43 20609954 2
27 61 45807550 2
55 20 99822919 2
30 88 52147083 2
20 25 62215853 1
39 100 31376941 1
80 66 18520356 2
22 86 36968035 2
8 94 69218219 1
62 94 42235609 1
45 93 29627521 1
87 42 51185160 2
83 4 41390371 2
7 46 78181735 1
43 96 36413900 2
41 100 29346300 1
36 66 38355590 1
80 92 2955285 1
65 47 4660003 1
95 76 98605754 1
3 23 2598620 2
81 60 75881184 2
80 37 58826701 1
18 34 66150463 1
29 21 1396689 2
27 22 48070879 1
87 32 75552079 2
61 22 29077101 1
22 91 24176880 2
46 55 28360959 2
88 99 30550936 2
9 36 23701350 2
61 1 49461800 2
41 13 30282398 1
11 78 88563780 1
17 1 28169480 1
63 67 43587302 2
12 45 40674635 2
61 65 53591956 1
86 83 52572968 2
11 97 50990248 1
93 3 25708117 1
94 80 13007869 1
80 35 80785118 2
78 8 54771793 2
26 36 14766396 1
49 44 32740343 1
46 14 69333784 1
88 62 21449088 1
71 74 52858543 2
39 35 74096742 2
37 42 41959578 1
32 100 1133333 1
25 75 65287216 2
71 26 3929771 2
80 65 57661048 1
15 90 57867279 2
51 6 8629166 2
58 58 95589617 2
40 38 73072706 1
24 45 89963374 2
22 14 14765779 2
24 65 67590107 2
12 44 73048226 1
20 51 82579787 1
46 73 9807940 1
64 1 8276540 2
9 61 12525479 1
30 54 5180547 1
18 58 31281865 2
30 84 15300419 1
47 4 89765824 1
95 68 81744607 2
31 13 38581746 1
56 20 23622905 2
61 73 91695443 2
22 3 1751619 2
28 42 38361919 1
19 64 92288660 1
59 8 5693350 2
80 54 61127638 2
90 65 84844721 2
38 7 46485360 1
30 17 84681720 2
25 33 28620212 2
49 78 37927788 1
10 27 17574770 2
74 4 69273685 2
20 72 36424335 1
100 77 40327337 2
86 67 17758996 2
62 37 91412381 1
34 66 54125085 2
19 82 35166003 1
52 67 50723642 1
7 48 99318749 1
54 33 88492792 1
31 81 95464113 2
12 47 5912374 1
41 94 83406613 2
61 24 94762449 2
80 11 46253739 1
31 95 60589475 2
3 69 53952068 2
58 68 65218047 2
89 82 57230643 2
65 59 39693744 2
5 30 23588462 2
98 3 88550561 2
31 11 49690801 1
5 19 77771335 1
56 14 2468132 2
4 66 20846087 2
26 71 93032244 1
72 44 72776112 2
44 95 37337284 1
42 61 80202160 1
53 96 8501172 2
33 96 1238336 1
36 47 75193871 2
77 73 80892702 1
68 40 68796510 2
69 36 27329810 1
37 13 60116802 1
31 88 32120815 2
48 54 91742111 1
32 25 1237202 1
82 60 60387215 2
48 24 6765754 2
21 97 46268265 1
57 21 84632137 2
36 10 96733845 1
51 15 20688767 1
90 23 11928463 2
44 42 47774649 1
11 50 27208627 2
57 51 78174808 1
44 59 8883158 2
79 83 33797198 2
30 52 95857366 2
66 18 83969654 2
94 61 92388275 1
35 83 83880241 2
30 16 13355011 2
33 70 45961682 1
37 89 82521506 2
63 64 42379100 2
90 86 94054401 2
82 6 68697415 2
72 19 17653245 1
61 25 35911702 2
2 34 52263141 1
34 74 82836444 2
49 95 56224612 1
1 70 77037396 1
56 4 56784705 1
81 62 80381552 2
85 93 62684451 1
100 67 18740464 1
6 28 29746248 2
2 14 17554134 2
26 34 4653449 1
41 8 96922861 2
60 3 60993845 2
30 74 40236991 2
84 64 53452839 1
94 1 78406928 2
47 11 22063791 1
77 82 77041045 1
74 44 33189252 2
80 42 57767543 2
83 33 84303208 1
49 42 81883035 2
25 71 28336700 1
29 79 75946930 2
91 66 61573630 1
97 58 63734071 1
20 19 10582216 2
61 96 47009667 1
67 40 726056 1
7 50 8825002 1
36 34 83230332 2
8 74 40913343 2
1 41 2866178 2
8 87 14531447 2
33 2 2260377 1
56 3 40862747 1
82 80 45494646 1
19 7 69972292 2
2 5 16366113 1
28 76 69927189 2
9 68 19413908 2
13 20 14838490 1
12 46 45642827 2
66 66 97701358 1
32 59 84135390 1
97 96 64639083 1
46 13 47209534 2
59 32 65474589 2
63 80 11693695 1
48 17 72064784 2
41 42 52451258 1
14 93 99658417 1
23 51 7367928 1
93 70 80857893 2
8 73 41274809 2
31 47 76446074 2
72 36 44899139 1
5 58 10090722 2
100 66 61489663 1
96 97 28510183 2
1 63 3508195 2
100 27 59068398 2
60 9 64124601 1
91 50 4761772 1
47 28 79845487 2
5 92 31222046 1
77 74 53423908 1
96 20 29130748 1
53 91 61030453 1
61 45 39944699 2
23 77 76113693 1
24 18 62058864 2
4 100 57951956 1
83 78 83766430 1
85 50 49656994 1
82 8 50023268 2
27 64 77925804 2
92 39 70748655 2
24 1 74596992 1
72 38 97248600 1
23 85 56936803 2
55 16 89310571 2
15 63 27482221 1
19 77 37095470 1
44 40 65990444 1
57 57 5210825 2
91 66 1141228 2
25 67 22206432 2
21 82 82807669 2
5 90 97828759 2
71 12 45599342 2
26 21 62399180 1
99 85 5354362 1
49 32 95835475 1
84 3 55241324 2
6 43 12439085 2
53 39 33895922 1
34 5 94953506 1
50 37 57292450 2
47 78 20557410 1
12 27 3599408 1
2 54 97088045 2
56 37 70534763 1
8 52 602918 2
51 68 531346 1
77 68 8888732 2
38 94 39095840 1
15 31 8383142 1
79 92 34388905 1
14 17 73350178 1
94 78 78065958 1
97 77 94244519 2
43 26 1937471 2
86 27 12772195 1
89 80 59883903 1
93 52 41810998 1
84 14 19774165 1
45 69 36129698 1
34 80 72965539 2
79 51 32363622 1
94 100 90138157 2
54 54 16614955 1
67 42 31394187 2
13 57 33134861 2
80 96 71724771 2
41 36 28307685 2
16 66 2597108 2
65 48 7136546 1
19 6 30015559 1
87 2 94453945 1
74 40 12671046 2
27 15 51935308 2
54 86 7034091 1
12 60 9971079 2
89 76 31937562 2
92 26 68425423 2
78 16 34890351 2
11 86 45792241 1
16 95 25484016 2
51 81 3616192 1
83 4 6328959 2
21 32 5953365 2
87 51 20181191 2
50 68 99406065 2
4 51 3666118 1
2 22 54176207 1
24 49 27276005 2
66 23 17898342 1
13 27 20884980 1
68 48 16706393 1
1 54 82813481 2
17 30 56430962 1
79 46 51501364 2
98 7 63858533 1
34 68 82315480 1
23 22 78733522 2
82 2 73624392 1
54 69 10356307 1
80 97 77230794 1
72 73 81363532 1
41 9 78876608 2
41 99 71472513 2
90 43 21272636 2
66 76 6715468 2
85 85 27801500 1
42 14 99125607 2
73 56 34065909 2
68 48 42491015 1
93 64 97358172 2
70 24 15818052 1
41 67 74241703 1
8 99 79729213 2
74 41 78984949 1
4 95 39073418 1
9 44 41508746 1
91 75 93879669 1
92 36 49544528 2
85 57 9018447 2
98 78 9634339 2
4 55 52815682 1
6 21 54989533 1
80 28 10749455 1
15 35 14761770 2
67 82 95106772 1
84 8 51903607 1
46 91 14763741 2
29 46 35955555 2
38 34 40442069 1
35 81 64695853 2
95 13 6893521 2
100 19 65387018 2
19 34 7144010 2
7 40 78689075 2
62 72 99473963 2
99 55 28905401 1
26 6 10401871 2
55 37 40895688 1
4 95 642818 2
46 92 84560772 2
84 18 49472180 1
84 80 87704119 1
24 58 60090484 2
58 35 66002953 1
84 70 14280627 1
46 57 31348902 2
23 41 51885283 2
67 4 17826928 2
16 26 59258186 2
64 93 77576835 2
72 84 94818461 2
20 64 11699817 2
89 38 12353278 2
98 94 99391571 1
60 28 59995058 1
94 77 34054275 2
58 26
61 69
40 73
73 9
53 42
29 93
72 70
65 6
42 54
31 54
40 9
20 37
61 7
5 51
28 44
94 7
19 1
5 41
50 13
59 3
89 17
61 78
61 84
54 66
79 26
19 32
40 19
24 61
97 12
91 100
95 64
82 49
95 46
19 21
88 54
74 63
28 9
23 86
68 4
3 29
37 76
72 1
70 8
6 13
39 71
81 73
93 92
35 64
9 94
86 55
16 97
94 38
50 90
84 59
17 11
25 41
58 71
79 51
97 19
81 14
35 18
37 66
58 87
59 19
98 42
94 74
91 66
12 63
80 85
34 10
97 24
52 4
98 34
7 91
36 30
38 48
69 36
75 34
85 37
28 1
1 60
39 12
27 51
22 93
56 17
31 56
6 3
87 80
60 11
35 54
39 90
27 3
92 4
70 87
10 45
86 94
59 18
9 12
50 83
93 62
31 45
43 72
9 95
60 12
28 83
12 72
79 14
66 81
61 56
60 17
51 11
5 89
3 77
59 4
28 48
93 60
29 19
53 85
40 23
77 37
77 55
70 86
17 90
17 29
8 91
39 72
98 92
22 68
24 39
91 52
25 11
9 14
51 86
77 42
34 85
4 54
55 7
61 38
5 32
26 64
64 72
36 11
99 81
76 63
89 42
22 58
42 50
19 45
17 57
20 60
29 67
74 81
71 14
82 93
14 18
47 1
15 55
61 99
41 87
54 86
6 1
58 70
16 19
59 86
28 87
22 28
95 43
60 84
100 39
34 72
15 73
77 59
82 19
64 90
10 28
71 64
23 76
19 4
40 91
5 71
23 77
11 42
82 40
96 100
83 17
76 65
39 3
99 90
57 14
38 27
67 57
4 52
34 73
28 5
76 31
65 36
82 25
19 48
24 23
57 41
55 99
33 28
27 32
78 23
60 56
63 10
72 11
72 25
76 52
27 87
57 71
9 63
95 53
49 7
64 47
91 60
36 75
97 56
19 2
93 85
88 78
83 91
53 23
67 91
76 83
48 75
84 87
18 37
59 89
95 77
30 90
15 64
55 48
92 49
21 92
51 31
37 29
94 98
67 59
17 85
72 92
48 19
22 74
66 93
35 65
10 26
77 63
26 89
18 79
10 73
57 98
27 25
52 92
5 45
41 65
41 32
60 96
30 6
31 88
97 51
23 12
73 73
49 39
37 52
56 26
87 97
13 73
42 83
10 52
45 3
52 7
72 71
52 31
7 84
38 91
13 35
18 88
75 23
84 79
35 36
79 34
44 2
47 51
63 37
98 54
99 62
32 6
54 3
96 6
69 43
94 96
82 81
57 9
64 96
18 18
77 46
63 27
78 65
80 86
15 71
32 42
69 62
85 82
15 89
40 8
27 98
100 73
91 23
76 6
84 81
23 28
68 23
30 17
40 60
8 11
6 22
81 95
23 73
60 99
3 88
11 16
42 65
38 60
78 70
38 50
44 33
97 78
22 45
26 74
96 60
33 21
94 70
68 42
6 92
32 19
96 9
3 61
38 100
97 20
49 66
42 68
99 79
4 4
5 3
12 6
80 88
59 59
31 37
77 82
15 83
86 52
80 10
8 18
65 31
31 68
79 77
78 89
17 55
77 69
47 91
13 68
90 8
34 12
15 43
57 49
84 58
10 89
92 56
92 10
84 84
43 69
99 45
78 13
50 33
16 37
16 55
70 34
5 92
62 36
88 18
25 98
92 5
33 68
58 73
65 39
42 20
1 10
62 31
13 29
85 39
53 74
56 76
40 45
23 70
96 66
15 25
42 77
41 76
16 11
79 62
65 83
24 25
88 65
95 42
38 45
97 3
84 26
83 43
23 8
45 58
44 65
45 70
2 64
63 2
69 81
59 56
29 50
78 62
96 59
71 88
17 73
47 33
68 39
51 21
46 35
51 22
2 39
43 100
89 86
12 17
100 51
38 49
77 93
15 47
11 23
55 91
10 70
55 85
27 57
38 9
60 38
61 45
26 14
69 12
94 11
87 31
25 19
98 27
44 38
63 41
25 2
1 88
60 85
94 43
54 98
1 18
23 37
98 79
22 22
25 39
77 92
47 34
53 82
53 22
7 73
16 7
32 38
48 55
94 97
38 96
69 45
94 27
84 99
81 57
29 95
46 58
27 35
59 57
33 77
9 84
96 33
7 38
11 58
31 69
23 42
29 69
14 49
22 33
79 92
46 68
99 83
85 85
69 99
83 26
85 96
98 12
97 49
96 65
48 86
26 37
68 82
97 74
82 48
17 44
67 74
25 31
89 87
25 60
6 77
80 40
61 42
54 33
57 61
41 59
14 72
93 53
47 36
17 42
50 55
8 63
41 21
4 37
97 72
33 19
97 61
80 48
55 2
82 36
87 94
54 11
5 55
35 69
69 49
35 47
42 75
59 90
94 18
35 91
35 74
98 40
70 52
11 89
83 79
58 32
99 44
55 13
41 77
80 15
87 36
31 40
83 16
23 92
75 63
70 27
22 84
24 93
29 52
61 94
91 19
36 4
61 63
32 54
18 95
6 71
44 28
12 81
10 91
21 31
98 10
83 3
34 52
72 16
91 25
64 23
3 82
37 93
43 81
68 49
28 35
35 24
6 98
28 33
57 67
92 94
90 39
75 82
96 88
57 38
32 90
17 64
95 78
56 35
84 95
23 68
53 80
23 67
59 92
71 95
43 24
7 13
65 48
86 38
99 91
40 6
3 28
88 29
84 25
11 83
4 67
43 35
90 72
37 13
26 7
48 74
26 91
87 93
42 61
91 40
87 96
66 70
52 28
40 58
4 30
36 34
14 94
78 97
71 27
49 12
96 24
97 13
51 85
47 62
74 31
49 83
91 75
44 21
68 93
98 48
36 55
56 24
40 47
35 27
30 34
92 28
28 7
8 88
46 86
87 3
12 87
91 48
25 86
38 38
71 17
92 38
53 57
96 31
53 30
27 99
54 5
47 96
24 20
26 90
22 62
85 32
85 98
25 82
79 52
80 46
62 94
17 100
20 3
47 20
83 36
52 5
39 78
74 14
47 74
27 7
71 33
45 77
46 13
72 52
57 29
95 69
83 29
32 79
92 44
59 29
50 27
63 78
7 21
35 81
6 84
40 2
69 69
88 47
75 38
68 98
17 91
13 16
58 46
60 95
50 46
29 2
68 9
86 10
81 59
79 70
90 23
85 56
80 97
51 30
56 5
58 85
64 93
81 11
95 40
31 65
86 8
10 11
45 84
16 10
37 73
34 36
98 26
12 40
67 56
97 17
76 75
72 27
54 62
56 15
96 94
13 30
96 47
46 75
60 29
16 89
40 12
57 12
29 86
39 43
62 23
32 39
63 39
63 76
5 29
55 75
23 10
67 1
48 37
36 52
98 3
4 18
48 32
32 44
41 39
23 9
11 40
96 55
11 81
66 86
30 79
21 41
86 48
89 1
7 82
1 26
84 62
5 20
22 32
7 95
75 69
37 24
93 41
40 75
92 48
1 87
95 16
38 72
89 20
64 77
75 45
12 3
59 8
51 14
60 72
89 88
96 57
26 32
75 79
26 98
15 66
80 67
10 86
27 93
59 83
74 24
74 41
21 27
92 29
82 10
15 13
78 48
99 12
78 71
80 8
15 2
72 63
52 86
40 39
84 17
21 58
62 26
81 58
25 24
45 44
25 10
37 78
24 37
27 97
87 65
25 92
65 4
32 80
76 37
64 4
82 77
28 80
93 98
63 94
71 71
28 24
25 52
20 57
51 19
10 3
18 59
4 26
23 11
36 71
60 83
24 83
78 8
43 7
68 46
87 88
66 19
59 16
40 37
67 54
60 100
19 95
58 63
97 97
46 67
19 75
81 16
86 75
34 40
36 61
13 28
65 3
9 47
4 85
81 49
29 7
82 55
83 1
41 92
27 28
31 23
100 56
97 88
93 82
59 13
27 36
88 16
41 78
27 26
69 11
74 84
26 10
36 66
52 3
52 70
84 16
45 53
80 14
62 3
52 60
38 16
100 4
14 96
12 97
15 96
12 92
86 83
85 80
91 98
6 20
17 46
13 63
12 51
90 63
72 77
30 95
56 10
79 88
40 11
87 22
66 90
56 89
20 48
96 2
30 12
2 9
56 93
80 62
80 63
73 14
36 92
87 34
38 99
22 31
60 2
60 58
22 82
21 80
90 52
20 76
19 37
36 59
69 4
38 71
76 10
72 44
86 80
47 73
97 90
53 62
61 32
35 14
80 29
34 17
50 23
45 86
80 54
63 47
16 62
93 32
29 78
9 66
74 34
72 91
61 61
90 60
10 84
68 75
28 22
14 22
71 30
16 83
67 32
74 9
79 22
94 35
11 1
57 26
62 7
86 5
43 47
38 89
56 67
2 59
62 6
61 14
58 83
34 22
82 3
20 100
91 6
8 50
14 19
39 44
34 89
69 37
52 73
2 85
68 97
57 94
99 20
58 58
3 14
48 100
59 84
13 39
98 75
94 8
22 63
93 31
14 27
41 4
48 76
94 47
12 94
53 71
61 59
85 10
22 73
24 94
20 45
41 6
80 95
16 98
95 81
45 60
95 85
7 28
20 35
78 14
17 77
6 36
10 71
93 93
70 32
79 49
37 53
18 97
48 93
99 34
94 3
26 43
92 40
99 65
62 81
2 48
50 78
55 19
64 12
20 19
70 40
80 69
35 98
85 73
69 78
44 95
42 32
74 79
4 77
85 15
76 100
79 54
91 70
96 80
44 96
45 11
59 45
13 76
30 66
52 77
21 48
45 19
78 5
97 14
96 12
55 34
34 16
33 45
33 12
65 40
80 98
50 82
11 21
28 25
87 16
97 65
66 45
19 78
5 48
77 36
98 64
14 55
21 21
53 54
56 52
69 15
27 42
21 60
91 64
94 100
31 92
80 7
80 6
42 33
84 73
64 80
90 89
51 1
69 7
29 23
79 64
62 59
56 42
79 45
47 53
6 58
10 66
21 6
32 91
54 53
78 34
73 24
70 96
68 76
49 82
15 20
95 97
87 61
6 52
1 14
6 73
91 67
67 25
67 66
66 67
98 74
98 15
59 54
62 2
2 8
40 14
76 82
77 73
16 51
29 26
24 24
51 33
3 59
71 51
84 35
86 96
68 7
41 52
91 14
51 54
60 1
76 96
97 54
93 86
100 100
34 82
14 77
37 21
85 69
7 12
84 20
58 51
1 21
96 90
1 93
56 6
48 35
6 34
52 40
75 46
96 81
52 30
35 66
9 85
38 17
65 5
45 22
32 61
56 87
74 42
49 35
19 38
8 92
65 51
63 57
88 40
100 26
59 43
93 88
52 42
56 63
48 61
57 43
76 22
79 57
52 25
15 39
5 76
51 80
16 87
10 8
92 19
12 26
18 21
21 46
35 70
74 23
17 95
14 36
40 55
36 47
41 93
95 9
21 1
99 3
93 50
89 79
56 81
86 97
77 81
78 94
4 93
57 28
99 49
36 72
95 60
74 55
31 16
58 18
36 76
71 92
30 73
6 65
100 83
42 56
18 84
30 67
8 74
43 99
22 54
5 26
57 35
55 58
86 71
85 26
93 37
23 72
17 41
100 74
72 90
23 58
53 46
16 42
100 5
20 85
79 31
23 14
36 88
65 96
84 93
5 88
75 62
4 84
45 2
45 97
49 32
4 69
99 61
98 100
29 66
74 37
25 54
44 89
97 82
20 96
88 32
86 39
16 49
91 44
67 86
35 83
17 51
23 56
46 27
44 20
92 33
86 46
29 91
77 8
6 27
13 89
65 15
84 86
70 92
62 57
53 87
7 65
97 16
29 35
97 92
27 53
1 67
3 41
18 16
37 58
66 78
21 69
81 45
74 20
93 65
32 40
25 59
43 41
5 49
46 16
20 4
61 41
64 99
8 86
62 46
66 23
71 37
14 54
8 77
38 15
2 38
11 71
66 59
86 16
51 97
62 84
25 89
92 82
67 77
30 98
36 82
57 72
39 88
9 20
29 14
45 68
29 73
9 10
62 68
10 90
35 1
72 8
98 80
61 34
9 83
26 50
12 55
24 28
18 22
47 86
39 52
49 60
60 16
98 52
49 50
11 91
6 35
23 45
91 65
63 89
73 53
72 9
4 28
53 13
57 3
45 12
70 76
32 25
61 28
33 38
89 50
7 72
45 32
73 93
80 39
73 75
25 18
63 22
2 50
12 27
57 53
47 72
76 24
69 54
23 13
40 4
24 70
93 97
62 41
18 42
12 90
65 44
33 11
100 76
53 10
1 17
35 63
57 86
17 43
80 33
2 47
29 27
89 69
99 35
31 47
99 54
28 50
68 31
40 59
88 36
64 25
3 48
64 84
89 22
31 5
19 85
9 100
34 31
21 66
88 28
7 18
28 8
27 31
9 50
32 63
37 25
48 29
25 36
11 53
5 91
73 68
18 31
14 56
82 76
44 79
32 22
98 38
2 24
70 56
43 4
95 45
7 63
28 46
28 64
62 66
64 36
74 47
28 51
41 73
64 53
15 45
72 5
45 90
36 6
39 21
3 91
23 20
43 5
64 83
21 64
76 74
57 62
28 59
59 63
39 56
81 42
28 79
27 33
97 100
89 30
9 4
56 72
51 100
76 43
7 6
22 55
73 4
69 60
37 79
42 84
4 3
1 5
70 45
11 51
43 17
17 84
100 80
3 37
56 78
88 71
63 5
37 68
81 36
67 29
100 64
7 89
58 56
2 90
4 41
28 56
79 9
27 45
1 61
72 73
61 75
2 17
30 50
83 49
31 84
83 45
95 8
5 39
85 18
61 3
13 7
83 53
1 39
27 100
65 54
24 68
18 49
42 49
87 77
36 35
92 18
53 91
48 5
80 53
3 73
80 12
93 91
41 67
22 19
10 65
38 90
13 31
36 90
94 71
22 88
38 12
5 81
94 99
50 29
94 13
71 87
41 95
17 54
31 61
45 40
41 16
21 56
80 100
29 48
43 34
48 45
43 11
30 74
14 84
71 81
50 57
20 20
9 32
51 81
33 84
3 83
71 69
67 98
41 64
50 67
47 25
41 62
66 34
53 58
66 84
1 83
52 16
15 16
56 19
7 16
58 64
54 61
81 8
11 69
89 33
71 90
3 22
20 81
88 14
90 65
57 69
70 9
44 9
11 38
7 66
22 21
18 30
65 65
93 42
76 90
37 55
19 43
60 55
36 12
61 68
72 29
44 72
86 62
1 52
89 98
66 17
92 30
60 5
63 51
9 17
6 29
4 11
29 74
79 7
45 64
94 76
82 54
36 40
10 74
93 9
71 94
10 15
68 86
86 66
10 61
41 12
52 45
62 5
62 48
1 19
87 60
82 35
81 79
69 39
72 69
88 48
98 30
90 13
68 16
98 97
37 36
87 55
85 78
40 87
76 46
81 56
61 73
47 39
54 19
82 7
10 68
14 52
43 14
34 39
41 35
100 87
94 72
33 82
18 7
4 13
43 42
68 41
83 55
69 34
62 96
4 95
96 69
7 43
22 75
3 31
20 98
99 72
95 51
13 48
20 52
6 100
41 31
28 77
81 61
59 9
56 62
97 33
57 63
73 64
58 98
39 8
14 46
66 68
11 67
67 12
45 59
72 10
25 1
84 41
27 79
4 50
99 46
71 18
70 42
37 12
1 41
44 52
96 15
91 7
90 55
52 65
85 34
54 55
49 34
41 36
63 70
71 21
70 30
18 89
64 62
14 31
45 78
88 2
77 74
93 78
56 83
46 51
44 12
66 64
8 22
31 3
75 95
65 60
89 3
92 27
83 6
82 100
74 69
37 51
7 75
27 1
30 8
79 33
5 84
57 68
82 18
59 62
79 71
8 60
62 95
94 82
8 9
35 77
40 33
84 46
46 88
56 73
98 28
67 31
55 89
76 69
24 27
70 49
28 45
74 46
61 97
23 31
50 8
73 5
29 5
35 71
15 18
8 13
65 28
43 93
54 26
38 88
76 98
35 73
17 94
51 32
7 46
31 57
69 53
99 16
53 5
76 42
31 78
50 42
69 86
27 41
23 71
74 78
7 17
93 33
41 47
29 65
57 77
54 25
57 95
85 64
90 43
79 42
44 25
33 29
50 98
8 15
33 44
50 37
26 72
13 75
29 47
43 43
17 82
63 80
90 40
51 69
45 48
67 90
54 85
20 26
59 69
87 8
83 20
47 56
60 62
12 46
20 28
23 57
36 2
3 72
2 16
12 52
9 44
67 17
72 87
86 45
52 64
54 58
22 5
55 72
23 88
3 90
40 92
94 9
66 6
24 36
88 55
57 82
57 83
6 32
68 12
45 9
93 14
75 43
37 27
73 25
7 30
9 52
48 2
94 54
33 72
99 8
31 34
19 26
83 44
17 35
68 24
1 75
95 52
22 14
90 98
98 29
52 12
15 92
88 15
88 35
91 22
58 86
51 5
53 59
77 75
76 86
46 42
77 39
48 59
2 71
25 12
93 26
85 11
60 67
24 88
73 43
5 6
67 42
44 93
82 63
40 69
30 68
23 74
70 78
63 77
24 42
68 27
30 88
41 2
93 69
85 90
89 45
49 87
95 17
34 2
68 99
31 79
34 4
93 46
45 13
14 44
67 68
22 76
62 1
5 2
95 39
87 49
68 73
59 95
58 52
10 59
41 5
61 39
45 57
89 27
99 11
57 51
71 58
63 53
48 39
38 42
16 8
27 2
1 63
61 19
69 33
34 53
22 8
53 55
53 44
35 48
95 54
11 61
35 21
46 89
14 38
92 17
44 23
96 44
25 49
98 65
43 21
77 31
38 84
36 99
92 32
11 96
13 15
42 23
5 46
29 17
61 5
49 73
54 18
6 31
90 68
70 26
60 20
20 41
67 78
2 87
15 60
6 80
82 69
97 10
55 33
11 25
50 60
31 39
31 13
52 87
47 19
31 20
3 53
7 98
97 31
35 32
86 24
51 44
81 82
15 19
27 14
52 14
74 38
31 1
74 21
57 87
4 24
59 39
29 18
4 88
66 20
93 94
31 7
13 79
39 67
18 87
49 68
72 58
36 1
23 19
41 14
69 55
46 77
25 51
84 98
11 31
85 47
53 76
68 20
33 1
87 76
19 57
35 86
100 33
51 73
67 85
48 70
59 14
78 11
32 78
2 20
81 100
32 16
83 31
59 66
60 89
50 16
99 5
14 99
90 31
96 58
28 92
85 65
82 34
81 68
41 26
89 55
43 79
68 96
11 65
13 49
14 33
9 58
42 4
77 5
39 1
82 51
50 41
44 60
29 92
20 77
71 28
29 54
18 55
19 67
59 49
86 91
87 79
80 96
85 38
44 11
77 44
48 4
39 7
49 70
53 2
66 11
2 44
46 71
17 52
49 54
7 97
23 69
83 63
83 97
40 90
15 91
48 12
83 15
5 4
72 64
79 74
1 55
27 95
59 1
64 21
34 50
59 77
99 89
72 89
66 63
68 52
83 42
92 13
49 84
91 78
43 19
81 72
9 79
75 7
77 28
54 93
73 81
38 74
34 99
82 43
96 61
32 52
9 2
67 45
58 6
30 64
29 83
98 89
63 6
51 42
78 60
1 80
79 53
11 4
49 100
87 98
76 77
49 79
49 85
15 41
59 38
90 90
3 39
6 7
1 66
94 83
26 79
54 17
55 1
99 27
82 1
24 4
15 30
22 35
33 27
82 27
28 68
47 90
3 57
96 76
59 31
37 48
8 46
56 88
65 72
63 15
98 51
5 35
38 80
1 56
89 32
39 76
100 17
32 73
54 28
17 28
85 72
16 13
93 68
74 36
15 54
70 11
6 85
52 54
84 2
5 68
18 81
21 77
24 67
28 34
16 67
21 18
26 51
35 2
60 24
37 23
2 7
72 17
17 4
88 98
32 8
57 85
18 70
29 16
67 35
91 41
58 50
27 56
32 57
25 20
81 81
68 71
91 21
59 97
60 82
3 58
92 58
15 52
1 22
56 68
92 3
32 86
67 80
53 69
28 96
96 72
56 23
69 67
99 24
18 93
59 50
57 74
80 89
73 15
23 84
42 35
47 26
47 81
93 81
65 20
35 93
9 36
78 54
12 86
28 69
61 31
54 6
57 80
6 81
46 37
20 83
44 41
9 89
91 97
23 93
98 91
34 93
2 32
60 33
79 91
26 62
69 51
71 98
96 19
5 74
1 1
14 58
57 40
78 32
74 51
4 68
89 37
20 71
10 46
92 59
37 39
75 65
18 17
20 9
20 51
83 85
28 81
54 88
84 11
47 31
7 48
11 78
10 20
51 87
15 65
6 99
88 33
12 18
15 82
62 52
67 92
88 13
52 33
75 87
69 13
82 42
15 77
32 76
55 73
55 84
87 78
58 16
27 85
2 86
63 28
87 27
91 27
13 33
3 42
95 62
99 1
49 13
8 80
91 62
81 53
51 75
97 2
89 35
67 16
35 38
31 82
12 24
87 28
88 94
46 46
16 99
29 36
39 13
42 5
38 95
86 61
80 4
16 88
62 58
46 8
36 3
91 1
97 37
86 64
22 51
64 35
47 9
12 35
81 54
69 68
41 49
83 95
68 26
32 29
97 45
31 14
29 96
27 19
73 22
39 82
52 2
85 83
8 31
18 57
69 42
43 31
84 13
21 9
71 11
72 21
3 76
37 30
93 7
56 1
40 51
79 35
1 64
93 10
75 26
84 67
55 77
13 80
93 17
87 47
32 84
79 50
33 89
16 53
66 75
94 31
89 63
39 69
53 40
59 93
43 39
66 38
96 51
56 65
83 58
14 71
81 93
63 46
21 47
7 41
31 2
97 70
54 2
95 34
13 1
34 56
9 8
40 94
72 53
65 24
24 38
46 3
96 54
22 20
65 10
71 57
87 66
47 93
90 95
8 51
22 48
86 87
72 68
46 98
90 7
35 33
1 46
67 21
18 15
96 1
7 90
30 92
43 22
68 90
63 17
76 95
61 66
52 15
51 6
27 66
16 93
3 95
92 69
50 92
63 48
73 38
17 80
38 24
22 59
75 75
53 84
82 2
2 98
36 53
33 31
97 81
45 95
38 55
39 39
26 68
44 45
90 50
76 59
2 18
26 46
1 94
37 61
91 46
32 75
71 8
11 29
62 14
6 47
69 83
90 49
30 62
93 61
60 4
9 48
66 40
53 33
96 29
84 42
20 42
73 88
85 36
93 89
100 78
61 23
5 82
96 64
67 15
26 48
53 1
42 48
74 92
28 38
38 57
84 74
14 61
7 24
100 47
17 23
44 94
10 72
35 95
54 63
92 20
52 76
84 36
54 54
22 46
51 41
90 81
6 88
71 2
85 94
70 12
65 49
68 70
21 43
53 37
61 51
24 89
16 92
62 87
86 86
52 63
27 47
33 93
4 43
42 34
37 94
76 4
34 70
95 88
63 19
98 77
79 59
33 99
8 8
16 82
44 24
76 40
65 92
89 47
5 36
70 28
79 39
91 20
64 78
51 35
79 27
51 55
34 51
88 20
65 37
16 30
82 37
54 82
26 29
5 52
30 21
81 5
9 98
32 46
41 19
60 13
7 56
43 3
6 62
24 49
8 42
76 66
94 73
55 38
100 32
36 83
9 24
9 40
56 41
48 89
53 32
84 45
51 23
63 95
98 43
74 54
60 18
97 64
25 64
94 48
67 89
50 44
4 58
65 2
92 2
33 61
24 73
81 75
26 82
55 51
8 87
34 33
93 23
23 22
10 75
76 25
83 4
54 90
51 65
38 64
69 52
48 16
56 86
45 52
20 13
50 69
64 71
75 29
9 42
4 22
86 7
8 55
46 99
9 5
58 35
16 66
99 71
79 76
73 48
50 39
97 58
54 9
78 16
74 30
94 10
48 98
63 63
19 28
49 4
49 44
12 48
15 29
44 70
36 28
3 15
94 44
18 34
39 66
60 66
26 16
92 54
67 52
67 6
71 79
12 22
91 17
2 15
24 29
56 77
88 1
22 81
76 19
78 1
41 33
87 85
2 35
66 76
70 21
13 23
78 81
31 70
92 79
39 51
30 93
42 91
82 65
23 94
92 71
38 97
100 82
60 25
71 36
47 99
18 36
75 12
11 80
81 12
36 45
77 86
10 27
3 2
100 7
67 11
81 21
36 87
40 46
1 95
16 27
13 26
11 14
74 6
20 86
59 48
83 69
58 69
98 37
59 55
74 58
31 62
84 8
54 84
97 18
86 53
18 19
16 100
65 94
66 69
100 89
64 39
46 100
82 60
19 16
62 63
88 81
67 24
66 18
50 17
31 75
22 1
95 75
50 48
81 84
29 31
4 76
38 85
51 28
67 75
79 4
3 16
60 52
52 10
57 32
61 21
59 34
63 34
76 61
97 43
40 10
67 93
21 63
87 40
39 58
80 22
58 9
1 89
30 72
55 37
71 77
48 10
43 91
85 99
69 24
14 26
99 13
78 100
99 38
24 99
80 77
89 49
49 93
10 21
15 23
100 53
86 42
65 68
5 63
79 99
73 66
48 96
75 49
7 60
41 70
48 97
8 93
41 83
26 80
21 40
77 88
45 89
70 63
35 5
17 9
84 44
8 17
57 91
37 85
7 9
77 68
42 99
4 87
37 57
56 96
37 71
72 23
74 18
77 83
45 15
60 32
26 57
65 97
15 74
37 32
94 33
99 86
91 99
99 75
89 48
68 14
82 44
17 89
36 17
65 8
26 75
34 35
46 44
78 40
65 90
72 42
46 2
10 82
42 63
45 98
74 76
88 12
89 23
78 12
13 18
33 14
49 38
47 37
83 76
27 55
65 74
45 80
41 13
11 8
47 63
98 83
76 2
19 35
9 72
98 8
39 86
23 3
75 35
93 95
43 83
24 26
12 7
42 43
65 69
44 56
37 33
18 65
56 13
83 40
80 18
23 50
52 97
38 5
56 3
95 98
28 18
63 65
3 9
31 27
71 41
12 95
35 58
48 31
75 13
35 68
81 20
8 26
48 27
97 32
89 41
17 38
19 17
41 81
80 61
86 77
35 35
83 60
3 18
25 46
67 14
95 94
91 51
48 79
42 39
65 99
84 90
60 47
97 83
86 23
79 1
69 3
75 77
8 37
88 27
30 83
6 86
37 70
75 31
97 60
32 72
76 89
46 32
90 58
64 5
83 74
51 98
74 3
94 58
70 90
91 76
78 85
96 7
82 98
21 15
13 70
49 64
36 41
16 46
77 14
59 5
68 85
14 88
43 86
25 48
70 47
55 12
53 28
100 63
59 37
73 69
94 20
44 87
93 11
21 53
74 49
10 9
39 10
3 99
86 58
5 72
32 10
17 93
39 74
69 14
64 70
15 40
83 80
30 20
12 60
55 98
62 11
30 11
59 98
73 42
31 77
51 71
54 50
49 16
66 66
60 31
98 87
6 59
21 19
37 20
91 18
95 56
67 99
16 71
39 38
79 81
10 79
29 41
68 77
13 45
28 84
66 65
86 35
40 31
6 6
51 59
100 21
74 4
27 10
51 60
49 65
96 84
62 92
80 20
3 27
44 78
34 32
10 60
31 22
35 44
59 22
22 57
92 41
51 49
18 72
17 32
54 70
37 65
64 8
19 12
28 28
73 58
18 5
21 44
88 30
1 9
68 48
24 19
18 23
1 32
44 80
60 15
19 70
36 65
11 92
4 16
34 46
58 45
56 4
91 24
33 58
43 6
64 58
47 88
81 85
48 54
69 95
29 12
58 41
87 75
58 39
67 62
22 13
94 23
97 63
43 68
32 92
72 95
19 74
58 28
13 36
4 46
28 10
93 77
100 29
12 39
27 65
76 11
88 76
70 73
54 51
68 44
56 46
63 61
21 79
33 5
94 64
16 69
74 100
42 94
63 31
46 45
48 91
43 90
57 89
63 14
46 66
36 73
66 27
6 54
92 93
76 17
90 64
37 44
100 95
37 96
41 60
37 98
87 37
41 10
25 74
94 30
29 90
52 61
77 99
51 67
43 18
45 33
75 51
10 98
4 33
97 35
69 18
1 12
29 53
20 94
84 31
64 74
66 25
33 98
33 46
88 80
33 96
35 42
17 83
95 5
25 85
50 34
23 51
98 31
94 6
90 22
31 66
46 65
37 69
46 92
70 5
74 59
39 87
36 54
74 93
92 73
14 7
87 52
16 76
37 35
16 36
24 2
12 83
26 63
88 50
50 75
65 17
83 24
84 61
27 60
30 2
65 89
98 24
30 86
24 9
89 18
62 98
55 59
18 46
40 93
17 25
48 34
54 15
38 29
72 38
2 53
8 4
44 42
90 71
48 52
71 99
53 73
4 38
71 32
4 73
15 6
42 69
52 94
98 20
99 50
77 87
76 93
77 76
25 38
71 48
20 64
2 25
38 30
94 55
95 7
38 86
51 10
22 6
6 89
55 27
73 55
33 56
65 63
100 1
12 78
23 35
19 13
64 57
89 34
6 11
42 76
91 58
18 29
7 87
32 98
69 22
100 16
11 98
87 12
24 32
17 36
36 7
78 58
85 86
96 82
22 96
98 62
42 47
95 99
27 54
20 68
79 18
31 28
70 77
45 26
28 71
20 17
83 18
11 43
12 19
40 66
31 8
19 24
16 5
25 50
75 24
51 43
9 67
54 30
96 46
85 60
34 61
85 74
93 75
77 2
84 28
81 31
92 81
27 61
70 95
71 9
26 85
62 54
81 7
88 8
77 53
22 26
34 69
33 26
85 57
44 67
51 8
50 72
61 29
93 49
47 76
97 6
51 82
65 21
57 65
27 34
64 65
100 60
58 38
50 58
64 26
32 89
16 94
43 37
69 91
57 52
3 63
10 83
69 30
41 25
63 90
7 68
6 10
90 38
76 79
70 91
6 2
14 63
49 22
80 23
100 99
36 81
43 50
30 59
34 63
72 84
80 59
81 63
33 85
65 84
50 9
58 68
24 90
30 54
25 58
37 40
66 35
33 54
31 11
1 98
2 74
87 19
51 4
89 64
82 33
16 60
93 87
68 40
17 22
12 50
47 54
53 81
19 50
27 11
34 58
36 63
98 2
41 58
93 8
38 69
60 91
70 58
78 79
22 56
39 36
3 84
21 20
56 92
27 88
70 53
4 25
16 12
48 43
99 25
73 41
45 10
76 5
25 22
32 28
100 91
49 3
86 33
2 31
1 51
51 61
82 92
10 44
95 72
73 72
89 38
75 73
50 43
14 68
41 94
67 33
62 27
25 15
20 33
71 76
55 41
44 7
4 83
92 78
73 96
87 82
82 75
16 39
49 95
58 36
33 88
52 20
19 61
96 11
81 96
32 41
18 48
77 96
36 56
48 30
100 54
6 45
59 36
88 31
64 44
57 21
94 22
44 57
4 92
27 24
80 9
34 64
91 61
100 40
62 34
37 1
68 80
60 86
46 72
19 81
65 11
100 6
92 89
61 54
90 21
43 23
77 54
88 53
77 51
11 10
9 28
40 72
83 19
11 20
14 91
77 52
90 5
44 13
38 58
3 97
2 80
32 18
100 48
4 23
97 95
42 87
95 67
79 10
12 85
89 76
44 74
99 76
70 89
58 93
26 24
57 99
81 86
21 51
61 77
98 39
21 23
78 56
28 70
12 71
86 59
48 1
35 37
38 83
38 92
22 50
76 16
1 8
85 22
73 13
13 37
95 11
27 50
27 67
10 41
90 78
53 17
23 27
65 73
63 55
46 29
17 87
49 58
38 43
25 40
30 61
76 97
100 18
77 97
43 89
68 22
11 7
28 100
55 95
8 2
62 42
52 72
66 60
4 34
20 25
81 39
36 67
100 13
1 49
8 85
51 48
20 23
9 30
25 77
89 31
22 25
97 40
20 84
17 70
10 78
62 49
96 27
21 5
73 2
87 29
42 80
21 14
54 52
2 4
79 93
82 13
23 33
90 97
50 50
33 30
7 29
11 30
95 44
46 10
90 62
96 73
50 32
21 12
20 54
66 91
53 60
14 60
13 65
73 20
24 55
76 70
88 11
62 21
31 64
72 50
66 33
4 80
20 32
55 4
67 81
37 41
80 76
42 81
62 55
33 83
90 100
63 99
100 20
19 68
37 3
1 23
27 46
67 79
100 28
77 56
44 51
78 69
23 75
57 48
22 98
66 7
37 75
27 37
73 77
99 2
56 61
54 12
41 96
36 70
17 60
15 48
50 1
14 89
97 8
14 48
18 69
72 98
7 23
86 100
9 38
19 88
33 3
91 88
40 80
80 3
24 1
45 67
20 89
16 23
85 2
13 53
25 78
12 23
42 67
95 26
56 56
56 53
29 71
57 31
36 20
78 37
14 42
50 93
17 88
22 87
14 81
64 6
71 39
85 51
57 37
28 36
96 23
94 39
85 81
70 7
88 21
1 59
79 55
24 48
10 16
8 10
39 30
67 27
77 16
13 55
87 71
91 16
62 9
86 49
90 99
33 49
99 9
79 58
93 12
58 29
17 27
28 21
11 66
80 28
89 54
20 78
23 100
24 10
3 65
53 8
11 27
58 79
36 22
10 23
72 43
23 53
54 43
59 24
66 96
85 75
69 77
21 76
13 5
27 78
62 79
59 6
29 40
8 7
29 61
13 13
61 83
7 36
75 81
44 40
5 34
39 25
5 93
80 43
41 48
23 85
7 22
33 55
65 55
67 38
7 32
4 7
63 66
64 91
78 31
7 92
91 74
63 68
88 61
18 60
40 44
19 100
42 62
38 32
57 50
2 81
20 44
80 57
64 54
93 29
18 74
76 88
27 4
60 39
36 16
48 57
30 19
43 15
79 97
58 14
24 6
91 34
42 38
70 69
41 15
39 22
7 1
45 41
85 48
53 35
20 34
19 66
49 18
54 87
75 8
72 36
71 3
24 98
71 47
43 46
5 97
69 85
59 76
70 85
69 25
3 98
54 76
98 6
89 13
47 94
76 94
15 24
72 14
72 86
21 96
82 26
23 46
81 55
81 1
30 41
32 34
14 15
30 31
52 85
89 16
43 94
58 74
49 80
59 67
8 6
49 59
74 12
51 92
20 12
23 55
39 85
3 30
81 78
67 48
23 79
99 28
47 68
69 58
27 39
97 7
36 39
5 99
82 30
96 95
35 8
88 56
39 11
55 92
22 30
55 49
52 99
41 91
51 63
81 89
8 97
74 90
93 25
79 79
48 64
34 15
5 43
91 96
87 4
89 96
85 92
42 60
17 45
17 33
90 83
30 94
28 63
67 47
51 78
13 58
93 70
46 40
51 52
44 49
94 60
61 100
33 64
3 8
29 51
95 28
77 4
43 92
40 41
20 65
19 49
29 87
13 38
21 36
36 29
45 65
27 12
73 80
48 42
6 50
20 66
56 25
85 29
7 80
17 49
14 47
8 78
14 1
65 87
29 6
100 44
83 54
6 70
98 86
58 61
97 9
96 5
42 17
2 36
6 37
6 16
58 47
61 48
11 12
34 38
59 27
46 6
79 68
47 59
19 72
33 36
73 12
42 40
79 15
94 79
20 56
22 16
35 76
81 22
69 74
31 58
49 15
45 91
12 91
50 70
68 25
64 24
32 26
38 52
100 62
15 21
69 56
26 35
100 14
5 23
4 71
99 18
12 14
55 3
52 69
98 76
71 43
40 52
91 38
45 27
86 99
100 85
10 4
63 38
95 41
6 51
7 76
14 39
72 30
52 23
22 4
4 8
24 95
17 30
76 62
46 22
48 81
57 27
83 89
38 66
42 12
39 42
79 8
33 94
96 70
33 15
85 100
91 49
23 36
2 65
61 80
99 21
9 51
45 21
52 6
75 74
41 45
38 40
20 69
27 20
36 64
73 18
2 58
83 82
88 41
42 52
81 66
94 51
28 66
18 73
68 28
17 21
1 99
28 86
83 39
12 76
88 59
48 9
52 55
44 32
54 21
7 27
73 90
14 3
25 21
89 6
66 87
49 74
14 41
38 77
29 28
55 69
95 80
72 6
97 25
52 83
18 1
95 73
82 12
79 48
76 72
15 68
22 83
67 39
10 53
22 23
48 28
33 7
71 60
85 4
4 96
63 12
49 45
10 92
47 5
37 10
88 42
74 10
10 55
25 99
24 69
39 97
50 19
2 73
56 34
48 3
59 53
66 36
77 18
75 94
56 75
64 37
69 2
68 55
98 22
63 74
74 87
3 81
47 84
79 72
38 14
59 78
17 79
64 45
96 21
52 21
14 79
91 50
51 96
98 88
44 53
42 95
78 73
94 21
97 42
66 9
91 31
72 93
54 97
89 67
8 34
87 44
82 68
8 16
58 66
19 58
26 38
9 11
76 8
12 57
11 95
50 81
58 89
35 4
89 28
93 20
10 19
62 85
24 40
49 43
30 37
74 67
23 49
41 17
34 57
37 63
3 36
100 38
59 72
86 25
75 17
14 92
92 35
89 85
15 70
77 3
11 45
10 42
100 69
32 65
95 10
2 26
74 48
62 33
25 26
46 73
88 46
97 22
94 26
8 5
26 97
71 97
52 93
98 11
19 77
59 44
96 91
80 84
53 70
82 64
76 76
54 27
61 30
70 10
48 62
30 33
35 99
37 34
25 61
93 16
14 75
18 91
55 67
24 60
75 40
76 26
92 60
38 23
22 80
45 56
68 18
91 10
91 72
10 6
7 79
72 57
54 16
5 95
86 85
4 20
94 86
17 24
15 4
5 42
18 38
55 63
55 66
39 64
95 71
10 25
14 67
9 21
87 1
89 84
89 70
67 37
13 60
15 80
17 5
24 54
95 58
70 39
73 97
77 90
90 18
50 36
58 21
12 88
48 69
39 100
9 88
80 42
87 92
52 24
42 86
51 84
46 9
19 64
64 51
54 47
39 23
25 90
13 87
86 28
55 20
77 21
22 2
70 37
47 52
45 55
40 56
39 68
19 53
65 53
22 41
59 80
92 90
79 46
30 15
100 49
52 43
45 72
66 47
7 42
95 70
40 95
17 14
19 6
27 62
17 48
28 2
14 4
33 32
17 13
82 21
26 58
49 6
51 37
1 25
88 96
8 70
54 78
49 98
16 78
20 47
45 24
50 12
41 97
32 60
54 79
88 6
6 94
11 90
52 80
5 9
72 67
42 7
66 57
43 97
75 21
97 84
38 39
90 10
68 38
98 36
32 53
91 37
92 16
46 74
13 20
21 22
59 35
75 2
77 40
41 99
78 36
52 1
84 34
2 21
24 5
46 52
87 15
62 72
84 9
56 94
20 70
52 96
8 30
49 47
70 1
36 49
30 22
42 28
85 5
63 1
87 39
77 25
5 37
22 66
56 36
85 61
35 12
97 29
35 56
45 74
3 12
93 67
56 43
73 11
77 1
99 78
24 85
76 23
10 35
67 51
44 63
70 16
64 94
94 46
83 66
27 23
41 69
40 89
98 33
87 70
29 99
34 78
62 78
7 71
67 67
77 9
36 36
41 57
56 57
88 66
74 5
97 86
58 31
79 83
41 50
64 89
65 52
94 63
31 100
29 81
36 9
25 100
78 61
92 77
50 89
21 95
14 34
23 63
38 93
9 1
87 42
25 81
79 13
30 51
1 85
39 77
50 99
49 5
30 69
31 38
13 21
69 31
18 41
23 32
22 79
11 75
88 77
68 5
23 99
11 68
96 10
45 88
92 57
100 84
87 21
83 62
8 76
96 62
74 85
22 90
100 98
17 2
34 24
44 91
8 53
50 6
60 45
73 83
64 50
30 76
25 69
36 69
49 75
54 89
72 88
62 76
68 67
61 96
26 22
90 1
58 82
24 57
57 44
85 84
53 16
85 33
89 74
3 70
21 32
69 1
7 15
76 73
83 27
85 52
87 73
38 33
63 26
46 47
35 59
72 48
93 52
62 29
6 44
5 12
78 41
5 1
20 88
80 79
31 25
17 1
77 65
12 47
33 100
63 91
81 77
38 51
8 48
16 31
26 84
85 46
58 88
16 44
57 59
54 44
14 66
62 88
4 62
22 100
78 64
71 53
23 87
55 65
24 58
21 8
96 39
65 25
44 81
80 82
34 34
44 86
57 34
33 6
44 48
25 56
11 55
97 91
37 50
79 6
61 81
5 7
72 37
25 5
64 73
44 76
12 82
55 5
21 57
62 45
13 34
30 24
61 79
87 13
26 54
35 62
92 75
40 74
50 56
57 93
84 22
39 14
40 63
96 38
3 74
69 89
20 27
53 31
55 60
27 13
26 33
1 42
30 80
51 66
36 8
19 40
8 20
95 66
98 17
17 66
42 27
2 2
64 68
80 93
18 44
10 10
17 68
36 38
26 36
19 3
66 42
91 86
13 19
65 82
4 2
85 6
25 79
55 42
100 77
69 87
19 52
81 88
10 49
98 94
31 18
1 34
76 71
58 77
43 74
98 19
99 82
46 14
28 14
21 52
3 44
54 92
27 83
35 51
12 74
21 81
86 17
88 19
3 4
5 25
74 53
13 10
11 2
45 17
59 99
96 79
41 54
19 55
8 61
32 17
30 100
73 7
4 15
95 82
7 37
97 98
75 86
97 46
87 68
58 5
50 26
33 53
96 17
23 23
74 17
83 28
41 79
71 34
41 29
80 50
43 66
9 68
66 83
88 44
39 24
3 71
10 67
11 88
3 10
93 45
48 11
97 15
72 39
2 46
72 97
54 68
97 94
47 67
69 94
39 94
22 85
43 56
49 42
42 19
24 30
32 12
71 67
14 23
4 74
8 75
77 13
24 35
90 34
41 88
6 33
47 40
44 90
12 28
60 76
7 45
63 16
97 85
87 9
26 27
19 8
62 8
49 19
53 21
83 2
10 34
72 55
29 77
80 35
93 57
55 29
65 18
41 43
74 35
4 35
37 60
42 93
32 100
53 100
16 58
78 47
81 64
15 95
92 68
88 70
4 27
19 84
9 9
50 94
83 72
44 84
92 70
42 57
6 67
13 50
55 96
83 93
14 53
86 34
82 24
33 57
83 68
66 24
99 88
77 67
65 7
68 81
17 12
25 65
29 24
1 100
2 79
25 91
32 50
45 38
19 23
19 87
55 16
41 22
28 58
38 22
76 53
80 17
82 20
45 85
64 98
12 2
1 72
84 97
40 30
29 98
74 68
8 19
82 50
2 91
57 7
91 5
75 53
95 25
42 6
78 55
61 6
35 53
78 33
17 50
33 25
66 79
56 9
39 16
25 53
44 83
79 25
2 13
71 52
89 95
26 47
75 91
36 33
57 100
15 42
92 39
54 59
61 1
95 30
27 27
2 94
96 99
50 4
9 62
12 34
75 48
75 47
29 34
13 57
85 31
96 30
67 49
13 27
16 48
63 97
50 88
38 26
56 51
98 96
3 93
91 32
54 40
69 28
19 60
97 75
19 94
88 95
3 85
96 83
47 11
76 55
73 61
100 27
58 54
45 92
28 53
62 19
21 74
95 50
71 84
70 97
17 76
55 100
89 80
11 24
34 77
94 49
53 48
36 79
9 57
76 30
21 17
23 64
20 72
69 8
62 64
73 3
23 65
72 81
18 67
50 64
25 34
61 62
8 96
82 84
66 41
57 56
17 18
90 41
51 27
61 43
98 82
30 43
27 15
92 74
28 27
68 47
46 1
81 26
92 95
82 56
20 92
50 31
68 34
77 17
23 95
84 51
67 88
9 74
32 32
82 8
44 18
75 93
14 8
58 94
98 71
20 58
5 79
47 77
40 68
76 33
40 96
27 77
42 92
31 90
98 69
100 90
3 7
67 23
20 29
50 22
78 28
23 83
5 21
86 76
82 91
69 100
53 15
83 38
12 30
35 28
68 78
17 6
85 35
18 53
95 61
11 3
58 48
92 53
74 57
98 85
2 49
96 86
57 39
79 12
38 28
41 38
98 45
29 79
82 73
89 53
45 5
34 26
31 95
88 25
29 30
49 69
62 53
83 75
24 17
60 49
60 90
29 22
27 86
46 24
1 81
86 22
46 97
9 39
8 29
95 29
100 2
8 68
63 100
13 78
21 98
50 35
12 33
75 64
3 40
71 63
85 71
30 10
71 54
12 64
15 99
50 10
32 45
95 93
51 40
50 80
59 30
95 4
78 6
25 84
37 6
38 56
8 28
43 9
23 81
98 67
48 80
44 61
17 92
91 89
17 62
72 34
65 12
90 75
13 44
78 77
79 38
53 99
41 44
34 96
5 10
51 99
29 43
35 39
57 58
48 36
56 90
16 90
20 24
93 22
95 22
92 26
85 97
42 30
25 32
38 63
63 60
26 40
60 78
89 82
5 66
71 1
64 17
57 55
60 10
34 19
34 75
28 72
1 33
29 46
86 69
85 58
53 64
9 23
92 50
89 71
27 9
14 95
49 56
94 57
90 96
92 43
22 36
51 88
25 96
6 38
12 45
66 88
71 100
84 57
64 63
54 65
32 36
84 5
21 65
71 59
3 66
29 45
2 84
68 17
29 15
51 56
16 3
28 95
4 60
99 68
70 98
89 56
2 82
29 68
27 21
14 93
65 47
21 55
55 62
29 32
52 8
32 2
91 68
44 68
92 63
31 42
77 26
5 62
18 80
59 40
67 46
12 96
70 72
2 62
23 66
13 54
94 95
67 30
77 30
24 52
3 67
88 24
69 29
74 44
2 97
32 37
5 69
75 18
33 8
50 47
89 40
33 78
99 41
40 57
74 22
92 15
53 78
47 21
21 88
40 29
67 76
20 38
5 47
60 19
27 75
44 50
49 8
29 11
37 2
32 96
5 15
62 56
70 41
2 1
17 63
8 49
84 21
6 43
7 99
57 36
97 28
77 35
46 76
10 24
74 45
75 41
21 73
31 29
45 75
16 77
40 88
30 28
15 97
96 97
70 84
95 76
48 88
62 83
51 18
38 7
16 52
36 93
13 14
78 43
75 68
8 64
6 91
70 81
78 3
4 82
80 24
99 23
96 34
3 6
53 95
82 14
25 9
58 62
53 65
77 27
41 56
81 17
51 79
12 37
4 86
8 14
99 52
22 61
94 14
75 67
7 20
44 46
80 87
100 55
5 98
91 92
39 32
65 22
68 62
79 28
51 39
77 22
95 83
63 24
16 73
89 15
31 19
96 71
31 53
58 55
73 28
27 84
17 58
19 31
19 92
52 29
26 15
73 19
11 85
98 60
88 67
25 23
40 27
63 40
24 3
69 19
99 66
97 96
34 25
73 16
86 74
8 84
79 40
66 15
55 81
30 49
23 78
82 16
57 73
45 81
84 70
99 39
77 62
27 71
4 89
49 26
58 99
98 84
85 44
77 20
60 63
11 6
23 96
85 17
98 46
100 59
69 71
32 68
34 28
87 18
30 32
41 18
39 95
56 47
99 85
87 90
60 74
85 88
79 21
54 8
100 68
12 84
29 63
39 5
100 93
72 51
76 58
32 55
37 42
70 33
31 72
56 50
58 30
61 70
7 10
83 94
15 63
65 33
33 65
55 8
95 48
53 72
42 26
56 11
61 67
98 90
87 6
5 90
47 66
28 73
7 67
33 81
66 13
89 14
76 34
12 38
56 64
61 2
29 64
88 93
96 20
19 14
81 87
26 92
89 11
7 70
9 54
28 23
70 46
35 25
63 87
45 87
2 54
11 28
35 30
59 20
40 17
10 12
50 7
68 54
80 45
81 9
61 50
9 76
4 51
92 97
39 81
26 19
92 91
63 81
91 69
45 1
49 52
2 57
97 41
22 34
90 53
32 1
11 62
56 80
94 16
69 70
79 80
42 22
84 4
84 43
99 36
87 99
10 36
28 39
43 82
61 49
94 40
30 65
56 58
82 86
34 3
4 42
25 17
98 95
84 92
38 31
23 80
43 85
33 20
27 81
96 74
9 59
8 71
90 70
9 70
28 49
90 27
60 64
47 58
36 62
2 22
54 14
26 11
77 100
40 81
43 88
64 3
21 38
47 15
22 11
31 51
92 22
31 9
88 100
81 76
82 52
62 15
58 78
83 5
10 77
89 25
80 65
2 92
38 13
24 81
95 79
22 29
56 54
65 32
58 27
87 32
92 72
79 69
9 43
14 57
55 78
80 91
80 99
34 7
48 53
80 55
22 95
75 83
85 79
75 84
91 55
69 82
46 31
65 80
61 24
14 50
30 36
72 83
13 12
2 52
32 66
68 51
77 23
63 13
37 54
18 92
58 33
57 25
67 40
41 7
76 84
14 5
99 60
8 36
33 74
64 20
32 43
73 91
6 55
54 94
11 39
60 6
56 8
75 37
67 13
36 48
93 28
40 15
97 59
65 75
42 15
95 35
26 34
92 84
14 59
94 42
61 26
43 30
96 42
39 73
15 7
66 22
4 63
29 25
67 53
98 44
37 16
90 32
47 7
45 96
96 75
92 96
54 91
12 36
26 6
53 26
40 26
85 13
38 68
99 53
73 52
95 96
27 17
38 54
41 66
96 43
47 49
59 91
35 43
31 46
78 2
84 7
54 10
50 79
11 52
45 42
62 74
44 15
72 19
86 70
11 49
48 18
30 1
52 95
52 89
9 96
27 73
59 46
76 44
76 27
45 7
12 98
18 11
58 15
7 31
51 25
3 46
80 21
71 42
80 13
62 93
43 1
64 22
44 44
44 31
31 60
56 84
91 80
71 25
40 100
22 3
97 62
73 10
34 29
4 75
48 65
92 55
60 9
72 45
60 79
40 40
26 73
18 77
70 15
91 33
72 47
41 61
16 84
96 53
10 14
72 3
57 20
65 35
100 97
26 99
26 30
64 42
96 52
39 89
35 55
78 45
25 13
46 28
11 26
81 98
60 81
15 3
1 38
61 52
71 96
28 32
34 5
19 41
56 12
66 44
8 47
84 32
24 21
46 57
26 77
14 70
58 90
69 17
90 84
72 20
72 28
73 8
89 65
47 13
30 5
87 50
63 58
8 57
71 49
13 24
12 29
51 53
67 61
41 28
67 72
58 3
94 34
88 88
49 1
39 9
54 56
50 18
49 29
93 34
5 24
40 25
53 83
22 49
64 32
40 28
70 74
92 6
80 60
59 52
4 70
77 19
66 28
39 18
87 46
16 61
43 67
12 44
9 78
21 54
45 34
68 11
100 94
71 75
83 73
71 40
68 83
73 95
97 66
36 86
84 69
81 4
32 48
58 81
62 65
56 60
24 78
67 26
13 61
81 30
86 51
87 7
95 36
100 67
28 19
98 32
34 42
29 85
68 65
10 51
16 4
44 29
35 94
95 1
97 67
59 60
23 98
37 49
52 9
77 77
35 96
34 94
36 98
91 87
41 46
53 89
72 56
6 79
90 73
98 35
85 87
41 23
84 30
42 31
40 7
20 93
25 67
38 19
1 58
68 53
65 27
76 35
46 87
36 95
43 58
19 59
23 90
1 79
64 9
94 17
46 62
63 9
92 8
63 49
11 73
64 14
39 62
64 49
27 96
33 67
40 62
86 78
85 63
12 70
72 15
4 55
32 77
77 60
15 58
48 95
25 68
56 32
1 7
64 46
42 82
78 29
80 94
35 84
6 53
44 69
57 23
45 54
15 37
99 57
87 84
24 72
26 86
4 14
72 85
88 87
57 16
82 82
40 50
63 30
66 46
85 77
44 43
55 82
78 26
15 69
7 44
12 32
77 12
78 7
42 16
21 26
52 13
57 6
82 39
35 92
15 32
68 69
31 35
92 64
40 53
55 64
42 9
12 68
20 5
42 59
63 84
38 37
91 11
26 26
53 93
12 41
30 4
95 33
53 49
10 43
36 10
29 29
8 35
69 92
87 74
90 88
2 70
53 43
82 11
54 36
70 48
60 48
28 26
3 86
33 48
12 56
73 85
75 89
97 99
93 74
7 49
1 71
50 24
68 68
64 66
81 71
2 68
68 100
22 60
2 28
74 66
26 60
62 22
91 79
43 87
3 5
50 28
56 21
9 6
44 16
31 63
12 77
62 16
86 9
93 24
32 9
14 64
52 91
91 85
58 25
91 81
19 30
43 49
81 27
90 15
18 61
32 81
80 71
84 19
43 62
55 57
93 1
83 34
78 87
66 31
81 94
47 38
4 21
90 16
93 3
9 73
43 77
4 91
94 75
73 99
60 73
13 99
15 75
57 5
44 55
11 97
55 36
32 93
97 80
24 71
40 22
84 96
42 79
46 83
45 43
65 34
95 3
88 38
38 8
15 46
98 16
78 49
25 80
61 37
52 50
62 97
71 12
9 22
82 46
96 22
99 32
68 32
63 69
74 7
76 28
73 89
52 88
34 66
34 11
95 6
7 78
89 59
48 87
38 87
36 37
81 25
73 34
61 90
45 51
18 43
57 17
53 90
92 24
11 22
25 29
31 87
8 79
16 45
13 59
81 80
5 80
1 68
76 91
21 68
40 16
36 25
11 60
34 92
57 4
75 72
71 80
76 20
41 27
25 70
34 87
61 44
86 27
12 99
92 92
69 44
19 63
77 47
90 76
5 85
2 10
72 61
5 78
90 86
10 80
81 46
26 87
21 4
40 5
44 30
92 98
75 57
78 10
33 34
66 37
82 90
92 25
45 99
73 35
24 76
39 47
33 60
10 31
71 20
10 32
91 39
37 19
51 7
62 4
18 78
37 87
21 93
81 62
46 25
68 95
66 26
20 31
97 44
62 70
82 95
3 34
16 54
46 90
47 23
65 9
36 27
57 10
76 32
12 15
58 42
10 85
59 10
16 70
90 11
6 74
16 25
72 12
64 19
60 60
94 91
48 92
33 42
99 26
71 68
7 88
5 8
75 85
3 38
96 28
75 99
31 49
35 41
74 62
12 75
18 25
10 64
11 17
45 76
100 46
41 89
52 26
92 100
90 59
71 4
74 56
31 6
4 90
30 44
95 24
40 35
98 21
46 63
89 78
51 12
78 84
35 19
85 16
69 27
30 75
65 30
89 36
6 18
32 56
46 54
83 61
16 91
18 40
6 42
24 31
55 31
95 38
18 66
46 59
95 12
53 45
73 94
93 43
83 14
46 61
99 40
57 18
40 18
87 41
86 56
13 77
44 36
22 64
57 11
91 42
57 13
50 71
6 14
73 57
22 27
60 35
32 13
85 50
52 58
12 89
77 70
44 88
1 35
83 47
23 26
32 97
29 13
79 5
93 5
19 82
56 40
52 78
69 5
76 13
89 44
30 14
40 70
80 38
82 5
82 74
2 37
87 11
4 81
44 10
16 17
35 78
54 95
30 27
75 70
90 47
84 88
59 47
34 80
72 54
88 86
36 58
45 6
77 78
45 37
94 62
17 16
94 52
58 22
84 55
61 18
89 4
36 60
39 93
31 73
9 99
18 52
34 71
88 5
2 88
19 22
68 2
23 41
23 15
99 99
81 51
9 64
85 23
100 92
35 11
64 64
97 93
30 85
23 48
88 63
8 3
15 79
68 89
86 18
57 42
53 6
53 3
13 4
28 11
82 4
2 77
71 44
78 52
61 85
64 29
53 14
73 47
8 27
3 26
46 19
84 47
68 6
34 8
75 6
4 44
86 44
63 11
80 74
45 25
70 13
90 4
75 66
77 61
89 24
17 69
100 58
100 10
64 81
79 89
11 64
31 93
68 92
26 93
90 93
89 8
58 8
26 42
24 15
28 94
88 26
43 96
25 75
29 97
37 64
67 73
8 69
93 59
78 78
25 71
89 81
19 34
8 59
62 89
80 34
74 86
74 65
66 100
77 64
16 75
16 95
89 51
9 29
5 73
67 83
39 35
60 43
84 39
83 23
40 65
28 57
92 7
82 70
42 44
69 96
23 16
23 21
38 79
94 56
65 13
13 56
16 20
44 37
71 86
31 55
2 19
85 19
62 20
94 68
34 68
47 27
34 60
85 95
19 83
67 20
22 39
50 73
37 45
77 58
69 66
13 22
29 82
43 63
75 10
88 75
99 63
26 20
40 76
74 2
56 18
6 90
61 12
24 75
7 5
22 38
63 18
25 88
5 61
4 40
61 60
66 82
15 87
45 4
6 8
52 22
82 22
44 47
33 90
42 74
80 83
4 29
74 11
84 18
75 76
21 62
71 83
57 88
68 43
54 83
27 52
49 17
15 38
3 20
58 23
47 48
46 56
63 71
37 43
3 64
32 20
34 81
89 12
94 87
4 47
53 7
73 56
23 54
25 62
14 10
78 27
49 25
84 53
10 62
19 19
1 77
39 6
50 52
50 14
1 45
71 26
68 79
61 72
69 32
18 6
39 92
30 96
52 38
33 69
94 12
100 71
60 94
79 24
36 42
17 3
37 9
13 98
94 67
77 57
88 62
10 56
100 24
49 37
14 14
96 45
68 35
19 97
75 90
23 17
47 22
66 10
79 86
16 14
28 67
54 67
21 3
41 68
15 8
74 29
12 5
73 65
11 34
15 9
21 2
16 32
38 67
19 65
93 36
63 3
23 40
14 51
5 67
87 35
26 9
15 56
47 75
27 29
41 40
73 60
1 13
5 27
98 49
15 84
46 23
82 17
64 92
36 5
52 82
17 7
5 44
87 24
83 10
28 91
66 3
83 37
86 15
23 89
17 61
55 47
68 66
69 76
15 51
61 71
6 69
100 50
27 72
15 12
48 83
6 19
5 33
16 63
48 23
19 15
39 19
11 33
12 9
21 42
27 59
79 61
89 83
45 46
72 78
51 20
67 4
11 82
20 74
46 50
9 33
7 11
53 75
90 67
89 99
92 67
19 46
83 13
81 33
46 18
6 68
91 93
24 62
26 81
28 85
81 60
42 96
9 97
74 39
22 17
28 41
69 59
30 58
55 45
63 85
83 78
55 80
83 33
33 39
46 41
4 65
70 54
76 80
43 95
13 40
17 17
26 49
46 12
43 75
29 59
40 54
43 8
58 7
45 93
34 79
88 58
75 56
72 41
16 21
63 4
99 56
47 3
40 99
24 16
85 89
87 53
99 4
58 96
60 69
55 83
1 4
33 18
7 8
64 76
59 73
45 66
96 98
73 49
89 93
90 36
39 45
81 18
16 15
49 40
87 30
9 31
93 44
28 74
8 23
79 43
71 66
70 79
70 68
91 95
8 1
34 21
35 52
93 35
91 12
20 21
51 68
92 66
87 45
34 44
73 37
100 35
74 83
20 62
66 74
77 71
75 100
85 28
4 6
83 32
90 45
84 37
95 65
67 63
73 78
33 37
32 83
56 69
83 70
83 41
82 71
47 4
16 80
84 83
59 70
83 30
30 52
56 55
14 74
76 21
62 47
3 35
24 74
96 56
54 49
19 9
80 32
67 94
3 55
83 9
67 71
70 93
57 15
77 15
32 24
74 15
90 17
73 92
41 11
25 57
84 14
87 58
90 48
12 21
81 50
60 50
73 27
22 65
60 87
43 38
78 68
84 40
10 57
72 75
22 78
48 25
45 69
13 97
79 32
10 37
52 81
6 28
51 83
9 49
6 95
39 75
35 9
62 39
44 64
23 44
38 2
91 53
4 79
98 13
63 45
78 88
13 17
20 67
85 14
47 16
31 85
40 82
4 1
9 7
77 33
100 25
100 8
86 31
62 71
9 90
54 32
36 84
92 11
3 13
38 18
20 80
11 59
5 60
11 36
99 22
75 15
41 3
8 94
61 4
35 16
31 17
49 97
87 86
78 72
28 30
57 47
71 5
76 50
53 20
47 14
72 60
30 26
25 7
79 20
52 90
16 86
59 100
79 82
63 56
6 72
85 68
1 6
69 97
37 59
1 37
86 68
75 42
46 85
29 100
50 49
18 33
21 59
39 40
38 73
14 76
29 44
51 24
68 45
81 74
48 82
10 94
74 99
63 83
81 35
87 2
23 24
43 28
7 54
91 15
61 46
14 45
17 65
50 63
33 66
6 57
22 7
2 42
34 54
55 25
84 71
32 3
80 70
59 15
93 19
77 7
22 86
15 81
64 75
39 79
60 26
85 66
10 5
48 49
49 78
100 43
75 98
9 75
33 76
13 8
46 81
30 56
51 57
25 72
79 85
66 98
8 99
70 71
47 69
24 46
97 34
70 94
16 1
9 41
11 54
26 17
67 84
31 52
33 9
24 84
30 60
50 76
86 90
1 50
96 32
26 44
38 35
42 46
1 91
17 96
55 55
85 9
41 72
11 72
70 59
29 20
72 2
85 43
85 40
55 28
37 14
1 28
48 94
98 53
6 83
51 34
44 1
43 10
7 94
55 11
98 7
54 29
11 46
76 45
6 64
22 67
1 90
66 5
21 39
7 51
28 61
9 45
69 98
67 95
28 54
83 8
93 58
43 65
69 16
68 37
50 74
50 85
46 33
84 15
40 32
28 20
48 41
92 23
26 28
51 89
85 55
60 42
87 87
84 3
39 26
33 10
25 16
6 15
38 21
65 29
1 70
25 55
89 91
94 93
41 71
49 2
95 18
56 37
6 61
31 4
66 39
38 76
2 51
59 21
84 66
85 62
53 25
54 22
20 49
15 28
14 25
46 82
10 22
76 54
32 21
31 99
6 46
24 18
95 27
75 30
14 40
86 14
16 81
57 1
91 54
18 96
77 94
2 95
30 84
46 94
65 95
21 11
58 60
79 67
61 17
87 100
62 18
8 39
35 15
13 96
91 57
78 42
84 77
9 65
72 100
67 87
49 48
24 41
29 70
88 51
65 14
84 89
36 32
34 98
82 23
47 97
35 10
52 75
55 10
41 80
12 10
71 93
11 15
10 54
23 4
15 62
49 76
61 15
41 42
80 58
71 74
42 55
89 68
25 37
41 98
66 16
92 87
95 91
55 93
63 75
48 50
45 14
22 52
27 89
21 50
88 92
8 65
98 81
11 76
85 93
24 92
24 11
59 79
37 26
70 88
48 78
65 16
55 30
45 71
67 3
8 95
87 95
48 8
92 36
66 51
46 53
49 94
60 53
54 80
50 61
80 11
63 44
89 92
70 17
39 60
30 89
15 5
53 94
43 48
52 67
26 45
60 97
35 20
25 33
57 54
19 25
57 97
66 99
46 26
29 42
72 7
15 53
24 12
56 16
31 89
4 12
26 2
60 93
53 96
6 96
9 80
97 21
10 81
50 3
38 11
99 94
62 12
4 97
79 65
19 89
7 4
69 46
16 74
87 89
82 58
86 88
28 3
50 21
29 58
77 72
54 45
14 80
91 13
62 67
6 63
8 89
60 71
16 57
55 17
38 25
28 6
90 33
9 53
44 82
20 46
18 83
98 61
80 78
3 100
31 91
38 75
13 47
46 91
47 35
39 61
54 42
14 98
96 48
34 45
92 83
55 14
28 90
30 57
30 39
67 7
14 87
92 34
49 86
19 7
34 23
20 2
16 85
38 46
33 47
85 59
69 41
99 93
16 2
70 4
3 21
28 52
10 29
49 62
35 97
90 35
88 89
44 77
42 72
24 59
92 65
83 35
56 44
94 66
68 94
17 47
50 87
35 57
65 93
32 70
48 38
33 91
28 88
60 28
26 65
53 36
46 36
55 43
96 37
35 80
32 11
43 45
3 43
66 43
74 1
25 8
21 34
84 68
68 91
26 95
33 87
20 91
35 3
49 90
22 24
58 72
67 22
96 26
62 50
53 68
94 84
1 78
52 56
54 24
30 38
28 17
88 45
24 34
29 56
88 85
44 4
27 63
75 50
11 77
26 96
20 15
89 97
79 73
95 13
79 41
46 70
52 74
5 94
19 18
33 86
33 59
75 27
55 70
32 71
98 68
12 13
40 84
78 98
99 74
24 44
33 17
50 5
10 33
37 97
91 45
6 66
24 8
74 74
60 3
80 56
20 30
14 16
55 68
59 32
56 39
52 48
22 97
54 60
4 98
19 99
65 43
36 91
71 89
44 26
58 49
27 5
59 64
91 29
39 59
94 53
74 88
53 9
35 50
55 71
74 28
40 64
78 63
22 37
1 40
5 100
5 86
96 68
81 97
49 9
47 50
32 27
91 71
96 89
95 92
84 29
97 11
81 32
27 40
37 22
82 32
15 15
13 64
48 7
43 53
73 31
100 37
36 23
87 54
84 85
35 26
24 45
95 47
18 76
37 81
14 62
17 10
93 99
16 34
41 20
61 8
86 30
38 44
74 96
54 39
40 98
93 56
3 78
72 24
13 51
80 90
54 35
88 23
11 86
75 96
37 95
67 5
96 13
80 36
43 76
82 87
72 35
9 69
40 97
60 36
98 70
96 40
41 75
14 12
39 57
7 62
10 47
47 43
99 95
38 98
38 65
96 93
36 94
98 99
60 80
2 72
52 98
94 69
17 15
83 99
85 30
47 87
62 75
5 53
53 19
50 77
22 44
18 64
2 56
6 48
78 90
26 8
85 76
44 66
19 71
93 51
80 72
83 81
17 26
30 82
1 3
15 85
2 34
86 11
15 93
26 4
82 99
69 73
64 33
83 59
52 39
43 32
42 58
76 29
81 91
18 8
79 94
82 96
71 13
75 58
80 41
15 86
42 66
30 29
14 2
81 52
77 11
78 51
6 21
30 63
34 41
80 92
20 59
30 45
29 21
65 71
24 56
4 59
44 17
63 33
37 4
78 80
33 52
34 84
60 68
73 23
95 95
20 14
88 52
21 87
53 61
52 59
73 71
39 41
37 86
19 86
28 15
48 14
61 11
71 70
32 94
56 49
93 13
98 57
99 55
94 78
29 80
99 100
41 1
24 80
61 33
62 77
22 92
86 98
93 64
21 49
58 19
72 22
86 36
45 61
90 79
97 36
8 32
73 39
49 51
80 52
39 46
44 3
56 100
86 84
87 64
100 15
90 19
19 69
7 2
42 53
52 41
56 85
77 80
39 29
89 39
32 82
9 86
34 43
32 74
59 74
78 57
18 98
28 55
85 91
69 9
98 5
90 92
66 1
43 13
93 66
92 14
35 90
46 84
81 40
38 94
82 83
42 41
31 43
26 67
86 63
5 28
45 100
16 16
73 36
11 18
41 51
9 19
45 20
92 12
39 27
63 88
18 27
83 90
8 67
13 46
27 90
76 12
65 45
42 85
65 46
79 63
99 10
18 39
67 70
71 65
70 65
20 87
24 47
64 69
64 61
92 42
5 19
49 27
47 65
15 98
47 60
95 19
97 57
71 82
42 29
41 34
88 97
58 95
67 10
14 13
95 2
66 77
89 100
45 49
82 9
21 89
93 63
11 57
53 53
7 57
79 60
15 61
21 70
88 22
97 26
61 86
69 75
79 3
79 47
24 91
13 82
13 3
78 59
66 2
59 25
88 60
25 73
9 77
96 16
11 87
38 6
20 36
30 71
14 32
76 64
84 94
37 11
45 63
17 56
64 60
92 86
77 38
33 33
20 55
15 14
16 22
31 94
97 38
64 95
98 4
14 17
32 14
72 96
20 73
3 96
25 44
87 63
55 21
89 2
30 13
47 24
39 31
86 41
71 61
81 43
99 29
75 59
60 65
15 26
80 81
45 47
14 73
86 95
64 10
29 8
44 8
98 41
59 23
11 13
82 31
46 4
52 32
45 94
88 9
97 71
36 15
39 2
44 99
55 35
91 36
100 3
49 92
45 79
54 64
72 32
59 42
38 3
57 79
7 50
93 55
62 90
79 78
26 56
42 97
31 26
4 49
3 60
34 74
4 72
15 88
34 48
64 41
68 1
16 6
64 38
61 20
78 35
17 71
52 37
56 95
4 78
28 47
25 28
80 47
17 37
10 40
78 93
14 100
62 82
75 80
48 71
76 48
91 63
26 59
1 53
30 97
43 33
95 21
98 18
27 94
61 22
40 67
97 47
85 41
86 60
1 16
47 46
79 11
13 91
50 91
90 9
57 78
24 77
57 8
2 27
94 28
49 67
2 75
40 36
7 96
75 14
61 55
6 17
86 2
27 74
38 59
90 2
49 89
47 70
73 51
85 1
64 28
86 47
100 36
52 57
76 3
37 18
34 59
33 43
51 15
84 78
1 86
86 50
26 25
54 41
53 38
74 97
5 40
8 41
30 87
100 72
30 9
29 62
66 32
71 50
55 50
6 97
26 5
60 54
34 49
33 63
4 32
7 81
44 5
33 95
49 77
56 2
83 71
78 92
53 12
88 34
77 34
26 13
99 43
18 4
11 32
70 100
94 92
76 18
19 56
55 53
44 62
48 15
26 69
59 41
73 74
91 43
74 64
75 1
4 56
37 80
25 35
47 98
43 73
76 68
10 50
78 46
94 94
21 25
63 7
83 50
88 39
22 89
68 36
33 79
8 52
54 31
47 71
34 9
79 17
36 43
89 5
43 51
85 42
70 64
10 76
16 56
92 80
30 99
16 26
36 77
90 74
42 36
46 34
96 63
93 79
41 30
69 90
99 64
20 11
39 54
30 16
62 30
36 13
21 61
21 16
62 60
39 91
61 88
66 71
83 96
27 43
25 4
55 97
99 87
66 53
7 69
60 7
53 67
25 30
99 31
31 48
49 99
56 31
76 36
73 33
93 76
67 100
43 71
55 61
43 25
43 70
49 57
82 97
68 19
68 21
39 99
27 64
9 15
55 90
15 31
39 34
75 3
63 82
100 31
86 20
22 43
10 38
17 34
54 48
4 5
20 79
6 23
47 64
9 26
4 99
56 30
97 69
87 38
54 81
18 99
65 41
20 18
51 72
49 28
7 19
27 49
8 54
61 9
82 38
51 94
12 11
79 98
1 15
9 35
48 73
3 1
43 36
41 84
40 83
21 10
73 44
21 7
67 19
89 57
25 87
50 30
26 70
70 61
18 62
29 89
34 37
90 37
61 65
4 39
71 6
49 96
5 54
88 72
63 62
61 40
64 100
13 90
21 84
44 100
34 18
50 2
79 44
100 65
89 7
6 4
42 10
62 51
8 45
5 87
1 69
63 98
87 51
97 53
45 45
77 98
36 96
37 17
31 86
48 66
94 37
75 61
24 65
59 26
90 6
74 43
24 51
69 23
19 51
82 53
88 99
7 35
72 4
99 6
89 10
78 17
38 20
83 48
13 93
46 39
49 33
81 37
79 75
73 82
26 55
29 4
20 40
81 92
54 72
94 19
85 3
93 71
56 99
66 72
14 78
34 1
9 3
17 75
58 2
87 33
15 22
47 6
12 31
65 86
83 100
52 53
27 92
22 47
81 34
98 78
30 91
40 21
55 79
87 67
44 22
55 52
15 49
85 24
93 47
94 36
94 88
50 97
99 15
45 83
60 41
64 55
28 93
80 26
95 31
20 10
44 6
75 28
15 50
72 13
66 73
88 68
54 38
83 25
10 99
31 21
1 2
52 44
70 6
14 86
69 21
58 4
60 21
2 55
26 76
5 83
16 35
76 56
88 7
37 74
82 67
56 22
45 18
32 49
32 67
64 18
19 54
93 21
48 77
96 8
90 20
4 61
42 11
32 87
79 2
87 25
21 90
13 67
82 80
34 65
49 55
76 81
95 23
70 25
68 29
98 93
36 14
71 55
53 18
8 72
45 16
96 3
21 37
39 49
16 64
60 44
54 23
2 11
1 27
4 45
86 26
6 5
18 45
93 40
47 83
74 82
13 32
36 78
22 69
66 97
87 91
15 94
74 19
78 76
46 64
14 35
90 3
34 55
43 84
63 72
18 58
5 75
55 76
31 74
52 51
44 35
92 52
21 86
3 94
62 24
28 98
84 56
9 25
45 73
80 1
41 86
54 74
78 30
19 36
15 57
41 100
54 75
47 32
95 84
7 59
18 26
25 6
35 29
68 87
3 50
76 9
81 3
64 40
11 94
1 74
26 3
27 22
90 87
44 97
43 60
42 78
91 30
17 98
6 78
97 23
55 9
39 50
94 1
15 90
29 49
9 93
63 93
18 47
86 93
72 72
72 82
50 65
8 66
96 41
29 9
60 51
11 74
32 4
84 6
49 21
30 53
10 39
13 86
29 10
24 82
98 98
53 66
45 50
84 48
8 58
34 88
83 92
75 36
84 1
70 80
10 7
89 94
7 3
21 29
87 81
70 2
37 62
47 12
6 41
13 74
20 6
81 29
12 25
21 83
31 36
37 7
37 56
13 100
5 22
85 20
59 2
39 70
73 70
48 44
13 6
13 42
99 17
43 78
38 62
17 78
81 41
91 91
58 24
3 32
49 81
66 12
42 21
33 71
20 61
39 20
15 100
2 99
43 98
69 80
67 58
8 90
81 38
51 58
69 61
31 98
38 47
8 83
9 61
77 6
68 72
99 42
66 54
99 77
19 33
2 5
26 61
83 86
82 78
84 63
62 62
73 59
40 79
62 35
7 33
59 11
62 25
42 14
49 36
86 6
53 29
48 67
86 65
14 9
19 10
57 70
75 55
76 38
17 67
39 37
30 30
97 39
51 17
89 90
90 24
15 78
73 84
56 66
91 28
33 16
58 12
68 56
14 37
88 73
54 4
51 70
86 21
2 6
22 72
93 83
73 6
5 58
94 25
28 12
17 8
38 78
100 41
73 62
80 75
68 60
88 90
21 13
41 55
62 43
37 92
3 51
50 45
27 38
13 85
29 55
68 84
41 85
87 43
23 6
6 93
58 1
60 34
30 23
56 70
15 17
66 85
80 49
86 79
82 88
33 75
7 61
78 25
26 39
31 96
68 58
50 11
40 3
49 31
19 96
36 24
12 59
39 83
60 14
94 81
88 4
1 29
84 65
2 76
63 21
99 33
13 41
94 77
54 99
19 5
59 82
90 44
100 19
77 24
63 96
100 61
3 54
8 38
57 90
70 43
13 81
86 67
88 10
73 21
74 26
9 87
64 15
65 57
87 20
21 28
30 40
21 94
99 19
64 27
13 94
3 68
55 15
78 53
46 49
88 43
69 40
38 81
68 61
93 30
27 68
52 36
80 16
30 25
13 11
42 2
9 18
2 66
18 12
75 92
14 43
75 16
61 27
70 83
29 76
96 87
1 96
74 95
7 25
8 62
90 66
43 52
51 77
51 51
6 49
33 23
75 54
56 74
92 61
22 53
31 15
56 98
51 90
53 41
17 20
95 59
79 95
90 14
32 23
94 89
23 38
61 53
63 86
49 61
37 91
69 72
71 22
39 96
82 41
90 25
28 65
64 43
79 56
69 26
46 80
3 45
16 24
61 89
99 69
35 75
17 74
85 53
79 16
53 24
71 78
40 43
77 84
83 83
75 44
17 39
59 71
67 60
49 23
99 96
26 23
7 52
58 13
69 63
37 99
60 27
66 62
42 98
6 24
81 69
7 64
33 41
1 43
82 94
55 86
53 11
36 97
81 24
39 53
3 49
71 45
49 24
79 23
20 43
1 82
98 23
53 34
52 46
79 84
85 67
8 21
75 25
99 67
69 6
34 20
96 4
86 32
4 9
86 72
78 95
37 28
47 57
64 67
72 66
81 15
54 77
18 13
81 83
72 59
20 53
78 38
52 19
98 66
19 73
52 66
82 47
28 42
7 100
90 46
75 60
23 25
6 25
3 80
35 7
47 18
67 43
22 77
28 40
31 50
99 47
86 3
78 22
12 49
65 56
57 84
22 18
64 48
19 79
75 88
66 89
72 49
18 9
54 37
5 13
95 32
12 58
26 52
47 28
94 24
97 52
52 68
26 94
29 84
36 50
24 53
44 34
12 16
62 80
40 48
53 56
7 93
14 85
97 79
53 50
13 52
69 50
32 5
2 43
68 63
96 96
50 51
78 82
39 63
72 65
5 11
38 34
48 56
47 80
8 100
31 10
64 87
78 91
47 29
79 30
3 23
11 11
4 17
46 93
10 1
12 54
56 97
98 9
2 41
66 21
3 11
29 57
8 43
84 12
69 64
71 72
31 44
43 59
85 45
74 40
91 83
94 4
59 33
81 70
42 8
86 54
63 35
61 82
36 100
86 40
58 40
42 1
1 36
22 40
12 53
20 16
70 44
81 90
54 13
17 81
58 59
34 90
5 77
62 32
58 76
49 72
92 47
11 48
12 67
26 1
18 28
78 4
94 2
80 80
47 82
97 30
25 83
77 79
6 82
73 54
20 39
90 56
65 61
31 83
66 29
4 94
1 47
20 90
20 22
8 40
11 63
16 65
42 18
71 24
8 44
65 38
85 25
96 78
51 50
12 80
6 12
63 8
10 97
54 57
83 67
56 14
61 64
78 39
74 73
28 4
39 98
67 55
82 89
27 48
84 50
6 9
60 46
69 93
58 91
26 41
88 74
94 61
91 47
80 68
50 84
52 27
46 55
52 18
1 97
2 45
87 26
49 14
36 21
22 94
73 32
82 57
79 90
48 47
60 88
17 86
99 48
48 84
57 81
5 30
5 14
37 46
2 40
51 29
39 4
86 4
44 54
25 25
86 37
69 48
52 79
28 13
11 99
32 88
10 2
36 57
47 47
38 53
70 31
47 30
95 55
64 30
13 66
86 29
62 13
83 46
9 91
93 96
11 84
38 70
13 71
50 54
55 18
25 45
94 50
54 69
2 89
37 15
18 2
36 19
89 60
71 56
1 24
62 99
65 78
7 86
14 6
85 49
5 18
3 24
46 95
2 3
25 27
63 23
65 81
13 88
100 45
36 51
75 19
66 52
7 53
62 86
4 53
84 80
38 4
73 76
99 30
49 10
83 21
35 31
1 54
34 14
12 8
100 11
82 29
59 12
75 32
21 24
65 77
33 2
70 29
26 100
42 25
63 54
58 10
23 91
62 73
58 75
99 84
63 50
33 70
66 95
99 98
73 87
78 24
68 15
69 10
84 64
100 66
99 92
50 53
46 11
33 80
53 97
34 95
35 13
44 39
100 34
52 34
10 100
65 1
14 24
15 72
35 85
42 64
95 68
98 59
2 78
27 6
79 100
67 97
68 88
46 38
62 69
26 12
31 12
21 45
89 52
77 45
57 57
31 30
18 10
70 19
62 17
25 95
38 61
84 24
7 83
47 79
45 31
28 31
72 18
37 84
100 57
88 91
46 7
29 3
58 37
40 34
23 18
81 67
84 52
85 27
77 29
63 25
91 9
52 100
57 92
80 73
87 10
94 5
61 36
71 38
18 50
23 29
36 89
16 50
35 89
9 60
57 33
2 96
78 50
46 20
56 91
56 71
15 44
86 81
18 3
33 62
64 52
19 27
66 48
100 52
16 9
66 58
66 61
66 80
76 1
26 83
49 63
5 17
60 30
64 2
90 29
87 83
24 64
48 99
45 82
21 30
45 29
63 73
74 61
33 97
3 52
43 54
56 28
86 73
56 48
8 82
9 92
48 17
28 75
16 43
80 66
67 28
56 7
77 10
37 77
68 33
40 71
12 4
29 1
60 59
93 4
65 59
40 38
2 12
12 69
24 14
65 67
100 70
42 13
4 57
66 4
57 60
47 95
60 22
11 47
95 63
63 29
1 62
69 84
84 60
21 82
30 81
71 16
27 82
35 87
57 19
11 79
92 21
93 15
3 75
96 18
6 87
41 9
68 8
63 20
20 8
51 91
18 24
23 43
80 51
29 72
41 90
3 33
97 89
56 20
14 28
65 26
46 78
59 81
73 63
34 27
53 86
98 55
88 79
11 37
64 79
80 44
73 29
84 72
7 85
25 76
52 35
54 71
71 23
18 56
11 70
23 60
34 100
48 63
42 89
61 57
82 61
82 6
26 18
37 89
7 74
87 57
20 95
8 73
27 8
74 27
29 60
91 8
49 88
40 49
54 46
2 93
34 97
62 61
19 39
18 100
20 50
97 55
88 3
10 93
21 100
100 12
96 85
36 44
78 74
34 30
98 63
49 91
75 39
75 11
37 37
5 31
15 67
18 68
76 57
66 14
49 53
63 79
11 35
28 16
72 74
98 1
74 98
53 63
46 5
70 36
64 34
76 87
28 43
1 31
76 14
23 97
23 1
10 58
85 70
48 85
39 65
5 5
22 70
42 24
36 18
31 71
60 98
25 3
18 90
70 35
58 17
35 49
28 97
93 90
100 23
58 84
94 65
83 84
76 7
47 89
57 76
70 67
70 62
64 7
88 82
32 47
96 77
70 14
99 97
73 50
91 35
48 46
45 23
73 86
10 18
82 15
91 3
25 66
3 79
100 42
69 20
15 11
79 36
29 75
82 62
10 95
16 79
68 3
78 9
100 30
76 92
4 100
54 96
90 12
71 73
63 32
8 33
16 18
36 46
33 13
57 24
89 72
95 37
72 40
63 92
75 97
88 37
87 23
70 50
50 25
89 46
30 48
65 66
15 35
24 96
33 22
83 65
63 59
86 1
60 57
53 47
94 32
70 18
14 83
66 55
59 61
32 7
68 57
86 43
31 97
64 13
92 45
87 5
18 94
8 56
78 67
60 70
77 91
64 31
32 59
18 63
35 60
94 29
76 99
16 68
78 66
98 73
18 75
9 46
19 91
78 99
47 85
17 53
64 56
78 18
50 62
53 79
78 75
64 11
49 41
47 45
51 3
84 49
93 48
76 51
30 35
48 72
78 96
96 14
3 62
85 54
84 91
78 19
10 17
17 72
13 62
84 75
25 97
8 98
56 45
93 80
43 20
4 36
70 82
42 42
74 91
70 57
16 28
14 90
8 81
96 67
85 8
83 52
85 7
51 2
11 93
71 10
66 30
77 49
22 10
51 47
89 21
70 3
11 9
92 51
59 65
91 59
83 22
17 97
48 33
78 44
86 57
73 1
94 85
94 80
61 87
96 25
97 50
94 45
54 73
58 34
55 22
100 9
70 20
18 54
95 57
36 68
83 56
89 9
15 10
76 47
35 79
15 33
38 41
19 11
18 20
57 66
72 99
100 79
53 27
34 47
50 59
72 76
32 85
58 57
48 48
13 92
68 59
39 17
64 82
73 40
70 55
77 50
46 79
75 33
45 39
74 77
1 73
74 60
93 27
75 52
8 12
2 29
94 90
28 62
31 80
61 16
83 64
97 48
22 9
47 44
73 26
80 25
11 41
24 66
36 85
37 38
74 71
60 40
87 62
30 42
89 58
91 82
63 64
64 97
5 56
34 86
40 24
9 56
7 58
95 74
57 46
86 89
48 13
12 93
43 16
40 42
37 47
82 72
62 100
24 33
55 40
53 51
48 68
96 92
37 83
16 38
69 65
75 22
62 28
11 5
28 99
93 2
16 96
31 31
16 33
37 8
42 45
6 76
14 29
1 76
58 20
1 65
12 100
59 96
3 47
91 4
44 75
56 29
51 13
6 39
88 57
62 40
23 47
56 27
20 75
32 99
76 15
32 95
84 27
10 13
83 88
82 28
40 86
69 79
5 59
2 83
30 78
52 71
97 87
51 36
58 53
67 9
81 6
23 34
95 100
11 56
29 39
96 36
61 13
87 14
23 52
75 9
37 31
93 100
79 66
94 59
95 20
77 85
91 94
97 4
81 23
58 43
84 82
46 15
100 96
63 67
89 62
30 18
59 17
26 66
70 70
29 33
34 13
58 65
80 2
17 31
23 39
82 85
21 78
41 74
40 20
5 70
98 72
51 26
79 87
51 93
35 46
54 1
92 37
65 88
74 16
46 30
35 61
49 30
30 47
42 90
32 30
24 63
46 21
23 62
25 47
18 71
40 77
58 11
49 20
60 77
5 64
24 100
12 66
39 55
52 49
72 62
68 64
65 62
65 76
15 1
25 94
63 43
35 100
53 92
84 10
76 41
76 60
84 100
59 58
57 45
82 66
53 4
2 33
91 84
47 55
55 88
13 9
23 7
84 23
97 5
95 87
3 3
59 94
69 35
61 95
21 67
45 36
1 48
80 31
27 76
14 69
21 35
14 20
9 16
53 52
79 96
13 72
41 8
44 98
21 72
78 21
67 34
2 67
21 75
28 60
15 27
93 84
45 30
42 37
59 88
70 24
98 50
61 10
78 83
13 2
2 60
19 47
96 49
51 46
62 38
74 13
77 48
35 40
43 27
26 53
48 6
67 18
46 60
43 40
71 31
99 73
79 29
50 86
43 80
37 72
98 14
3 87
29 38
52 47
19 98
2 30
55 6
24 7
50 20
74 52
83 12
90 61
48 20
90 82
93 38
20 1
35 23
73 98
67 44
68 13
34 62
88 49
39 33
48 40
9 71
99 80
85 21
10 87
81 2
34 91
35 22
61 25
64 1
27 18
10 96
99 70
32 33
83 51
31 24
91 56
93 6
46 96
97 76
91 77
3 56
99 58
60 23
52 17
95 86
47 41
83 87
23 59
58 92
33 4
50 68
18 14
23 82
12 12
87 48
17 59
92 76
89 61
66 8
92 85
74 50
98 58
10 63
4 10
14 30
72 94
90 28
90 51
77 89
57 64
42 100
47 42
18 35
63 42
5 50
54 7
51 9
90 94
63 36
65 98
18 86
74 32
24 13
97 1
1 20
4 64
20 7
61 98
71 91
38 10
21 91
61 47
16 72
40 61
14 21
69 38
30 3
73 79
72 26
21 85
51 62
92 99
51 74
36 74
73 30
99 37
65 64
32 62
48 60
34 67
23 5
51 64
12 65
67 50
67 82
41 24
33 50
11 50
10 88
7 55
21 99
27 69
30 70
61 91
58 67
45 28
73 46
6 30
35 67
69 47
7 47
32 58
2 14
6 40
30 55
7 14
13 83
41 37
1 92
94 41
44 59
60 37
29 37
3 25
98 47
82 45
87 69
43 57
81 10
59 68
76 39
90 80
60 61
50 66
48 51
87 56
7 26
83 7
37 82
35 34
100 75
54 34
67 41
80 30
86 13
92 62
15 36
51 38
71 15
17 40
37 90
70 66
5 57
74 33
9 27
80 64
41 53
100 22
62 91
2 69
90 54
67 96
27 80
40 13
55 23
42 70
86 92
45 8
80 27
95 89
64 88
12 61
87 72
22 71
58 44
49 46
61 58
59 28
90 69
20 82
14 97
31 32
49 49
43 55
99 51
46 48
79 19
90 30
42 88
81 47
33 73
89 29
27 16
63 52
97 68
95 15
29 94
47 92
35 82
65 19
99 7
42 71
15 59
90 91
99 14
70 75
48 22
76 85
11 100
74 94
59 87
28 89
3 89
33 35
77 32
52 52
74 8
42 73
62 10
97 73
77 66
2 100
20 99
92 46
60 92
55 44
71 85
12 42
21 33
24 79
38 82
24 97
19 42
47 100
82 59
95 90
44 73
64 59
27 91
23 2
13 95
64 85
93 39
32 64
5 38
46 43
69 88
71 19
31 81
53 39
95 14
96 35
56 38
10 48
39 48
18 51
31 76
25 14
70 51
33 51
65 58
62 44
83 57
44 58
41 41
50 40
22 91
16 29
28 29
19 29
67 8
43 12
43 61
16 41
55 74
72 79
55 32
43 26
93 54
58 100
40 78
74 80
78 86
65 42
68 50
17 99
73 17
90 57
66 92
35 88
1 30
25 63
84 38
51 16
22 15
35 17
70 22
60 75
67 69
24 22
98 25
90 42
93 72
13 69
71 29
68 74
44 85
80 19
9 81
1 84
26 71
44 71
72 31
27 30
7 40
75 71
34 83
53 98
31 59
84 33
55 46
83 77
5 65
70 23
98 56
89 77
9 55
23 30
69 57
77 95
4 48
35 72
26 21
16 59
76 78
8 25
15 34
88 84
57 96
37 5
4 31
30 46
53 88
5 16
61 76
97 27
7 39
91 73
6 60
28 82
27 70
55 56
74 70
57 22
26 78
43 44
3 17
61 93
40 1
5 96
28 76
14 65
50 95
37 88
67 2
33 92
73 67
2 23
93 73
34 76
89 89
4 66
3 19
36 26
6 75
81 13
16 47
43 29
12 43
100 81
27 44
3 69
48 26
65 23
48 21
10 69
71 7
13 25
76 67
72 33
21 97
35 6
43 2
32 15
18 82
25 42
18 32
66 56
22 99
82 79
47 78
77 43
94 15
19 90
4 19
39 80
88 17
90 26
81 28
66 49
16 40
50 15
55 87
54 100
31 41
39 28
15 76
38 1
41 82
13 43
70 60
10 30
22 42
55 94
37 67
32 31
89 19
6 26
11 44
43 64
19 44
74 72
65 79
51 45
54 20
55 24
7 34
89 66
90 85
39 15
83 98
36 31
33 24
71 46
46 69
31 67
45 62
30 7
72 80
81 19
70 99
35 45
87 59
91 2
84 54
3 92
88 83
89 43
81 44
52 84
89 75
99 59
92 31
62 37
56 33
38 36
12 1
67 36
74 25
7 7
78 20
37 100
75 20
73 100
1 44
2 61
55 39
2 63
75 78
67 64
45 35
53 77
48 24
81 99
70 38
83 11
89 26
97 77
47 8
58 97
100 88
93 18
86 82
47 61
88 69
52 62
9 82
46 17
59 7
20 63
23 61
31 33
81 65
79 37
61 92
36 80
19 20
13 84
50 38
47 17
1 57
28 78
80 37
86 19
72 46
75 5
19 93
29 88
12 62
65 91
34 6
64 86
90 77
24 87
24 50
91 26
66 50
61 35
40 85
7 77
92 1
39 84
11 19
91 90
50 96
48 58
92 88
87 17
20 97
88 64
78 15
59 85
71 35
58 80
56 59
44 27
14 82
52 11
42 51
59 51
30 77
56 82
49 11
14 11
27 58
26 88
75 4
92 9
33 40
44 14
56 79
12 79
9 34
48 90
32 35
65 50
8 24
65 70
9 37
57 30
65 85
68 10
47 10
71 62
49 71
9 13
6 56
61 74
28 37
65 100
12 20
80 5
47 2
55 26
25 43
74 89
68 30
24 43
24 86
64 16
66 94
51 76
96 50
74 75
85 12
18 85
26 31
44 92
76 49
25 93
73 45
42 3
19 76
60 8
67 65
44 19
55 54
81 48
12 73
19 62
57 75
57 2
1 11
22 12
59 75
32 51
17 19
51 95
84 76
95 49
21 71
41 63
100 86
89 73
32 69
86 12
50 100
77 41
19 80
