-1
-1
132165998
142055553
0
177221931
-1
56746006
120740596
187120794
0
169381626
0
157463817
215275833
255907666
243341209
-1
-1
-1
-1
0
116244561
-1
140826308
-1
0
128556548
-1
122059232
137467496
228581593
231423400
149719022
-1
150149374
216015136
0
-1
-1
168523781
-1
65394409
286586099
117175715
-1
137152565
-1
63444839
63623334
-1
55162699
52799722
-1
-1
149881424
-1
-1
123874548
120926561
-1
112719218
128587391
74401576
207449962
219688879
-1
86526040
175222614
129017743
-1
60429709
0
-1
-1
66771589
-1
0
-1
-1
0
63192982
152299522
61861532
149970879
235097143
-1
192315264
217845861
234776035
143272046
-1
109545728
170916544
-1
139795985
154652879
243989857
-1
0
