10 75 100
2 6 32482326 2
2 10 27843652 2
4 4 47245514 1
7 5 72476655 2
9 2 2677105 2
1 5 45072603 2
8 5 65251177 2
2 10 69220373 2
5 9 8293331 1
9 8 4867228 1
2 1 83500569 1
7 1 55154929 2
3 7 26311664 1
1 5 75707430 2
7 10 62154560 2
10 10 82941098 2
8 8 59752479 2
10 7 84560791 1
8 10 63339700 2
6 7 69469638 1
1 2 66544091 1
5 8 96333164 1
5 4 38428262 2
7 2 37853853 2
5 9 38232799 2
3 3 83966737 2
4 3 89581871 2
6 7 7285839 1
4 6 25000522 2
1 8 98065777 1
5 3 44343563 1
10 2 57305092 1
5 3 86464092 2
10 5 57295459 2
2 7 66737151 1
6 3 58460097 2
9 8 9162187 2
8 5 95768396 1
10 1 67242139 2
3 4 22271120 2
5 9 6358570 2
4 6 71736676 2
8 7 52030702 2
10 1 93006325 1
10 10 63903859 2
3 7 12621094 1
6 9 3981935 1
2 9 35516964 1
9 1 64555285 2
6 9 98531057 2
5 5 8489052 2
7 6 80660463 1
3 10 94260533 1
10 8 90514587 1
9 8 73536615 1
8 8 74250124 1
7 3 74294099 1
10 10 93689772 1
6 4 6416079 1
4 1 63781676 2
7 6 38028686 1
1 5 96228164 2
6 2 18837058 2
10 9 8340692 1
10 8 65606354 1
5 3 4965198 2
7 9 44983838 1
5 6 43641703 2
4 5 324677 2
9 8 47971531 1
2 5 95256996 2
6 4 56552069 1
5 3 97509865 2
5 2 20647775 1
3 3 39909266 1
1 9
9 5
9 6
8 4
9 4
3 1
8 5
7 7
6 5
9 10
8 6
3 5
10 4
9 3
7 5
4 6
6 9
8 1
1 1
10 2
3 10
1 3
7 2
2 3
7 8
5 9
2 2
7 9
4 10
4 2
4 4
10 3
5 6
7 1
10 10
3 6
4 7
9 2
4 3
4 1
3 7
7 6
5 7
3 3
2 1
6 2
7 3
10 6
4 9
4 5
1 10
10 5
5 4
1 6
7 4
8 9
6 8
3 2
8 8
4 8
6 10
8 10
7 10
1 8
2 10
9 9
10 1
8 7
10 9
9 1
9 8
1 5
1 4
5 5
5 2
6 6
2 5
6 7
10 8
2 4
5 1
3 8
3 4
6 4
6 3
8 2
5 10
2 8
1 2
8 3
10 7
2 7
2 9
1 7
2 6
3 9
5 8
9 7
6 1
5 3
