10 32 100
1 2 28448202 1
2 3 94752369 2
3 4 6965437 1
4 5 42744902 2
5 1 7560126 1
5 6 75090662 2
6 7 8843627 2
7 8 69061140 2
8 9 64249326 2
9 10 57690728 2
7 6 3614271 2
8 7 56083883 1
8 1 85146222 1
10 8 86550075 2
10 3 56872598 1
10 1 76242267 1
10 1 92672933 1
8 4 61448706 2
10 1 26910058 2
7 1 55713387 1
10 5 76734482 1
6 2 94010597 1
7 6 57383107 2
8 3 36993407 1
10 4 79254364 2
10 9 8449228 1
10 7 21988152 1
7 7 46837120 2
6 4 30497390 1
6 1 64082795 2
9 4 15122265 1
10 10 34219986 2
5 6
8 1
2 1
2 10
5 7
1 4
2 6
3 9
9 5
4 7
9 4
1 5
7 3
1 8
5 9
7 10
1 6
3 7
6 3
8 2
3 10
7 1
4 9
4 3
9 8
6 7
6 9
6 4
5 5
7 7
10 3
4 2
3 6
5 1
10 1
3 8
9 1
3 4
1 1
1 9
3 3
10 4
5 3
2 7
3 2
4 1
10 9
9 2
5 8
1 7
7 6
7 2
6 2
10 8
2 5
1 3
1 2
4 5
6 5
2 8
5 4
5 10
10 10
6 1
6 8
10 7
7 8
9 10
10 2
3 1
4 6
8 8
10 6
6 10
4 8
2 3
1 10
9 3
8 3
9 7
8 7
7 4
2 4
8 5
4 10
7 9
7 5
9 6
2 2
8 4
6 6
8 6
5 2
8 10
9 9
3 5
10 5
2 9
4 4
8 9
