99 100 99
1 2 28448202 1
2 3 94752369 1
3 4 6965437 1
4 5 42744902 1
5 6 7560126 1
6 7 75090662 1
7 8 8843627 1
8 9 69061140 1
9 10 64249326 1
10 11 57690728 1
11 12 42986477 1
12 13 48404113 1
13 14 88716403 1
14 15 73013281 1
15 16 37847212 1
16 17 34428188 1
17 18 25009906 1
18 19 3614271 1
19 20 82144791 1
20 21 23149022 1
21 22 94211619 1
22 23 56083883 1
23 24 547750 1
24 25 35036479 1
25 26 37794350 1
26 27 85146222 1
27 28 6400137 1
28 29 79121726 1
29 30 32137663 1
30 31 86550075 1
31 32 54343753 1
32 33 78531432 1
33 34 1169605 1
34 35 56872598 1
35 36 61793842 1
36 37 30013621 1
37 38 61824448 1
38 39 76242267 1
39 40 78181546 1
40 41 44000464 1
41 42 19945953 1
42 43 92672933 1
43 44 8488951 1
44 45 29783495 1
45 46 42361540 1
46 47 61448706 1
47 48 5092013 1
48 49 39670396 1
49 1 92639393 1
49 50 26910058 2
50 51 56878215 2
51 52 83406982 2
52 53 42411559 2
53 54 55713387 2
54 55 40842605 2
55 56 80915875 2
56 57 90870302 2
57 58 16746891 2
58 59 41698332 2
59 60 92400406 2
60 61 79586785 2
61 62 76734482 2
62 63 54938846 2
63 64 14817854 2
64 65 44262797 2
65 66 25618079 2
66 67 82961670 2
67 68 3220380 2
68 69 37882710 2
69 70 77238264 2
70 71 30285694 2
71 72 94010597 2
72 73 3313434 2
73 74 25248938 2
74 75 6148456 2
75 76 57383107 2
76 77 80041226 2
77 78 52974537 2
78 79 45702192 2
79 80 36993407 2
80 81 35034648 2
81 82 13099849 2
82 83 97787850 2
83 84 79254364 2
84 85 44172314 2
85 86 73023554 2
86 87 53984059 2
87 88 83657376 2
88 89 26813141 2
89 90 8449228 2
90 91 85695371 2
91 92 89466424 2
92 93 82640627 2
93 94 2816597 2
94 95 1216033 2
95 96 21988152 2
96 97 90828105 2
97 98 83428522 2
98 99 216303 2
99 50 46837120 2
1 51
1 42
1 38
1 54
1 6
1 99
1 39
1 89
1 43
1 63
1 72
1 26
1 69
1 1
1 82
1 8
1 10
1 23
1 13
1 55
1 28
1 27
1 71
1 31
1 48
1 76
1 64
1 79
1 41
1 75
1 60
1 73
1 88
1 83
1 77
1 36
1 95
1 74
1 35
1 62
1 93
1 80
1 12
1 44
1 46
1 17
1 14
1 9
1 11
1 49
1 18
1 68
1 52
1 32
1 61
1 33
1 19
1 29
1 94
1 50
1 90
1 45
1 96
1 56
1 98
1 30
1 97
1 66
1 40
1 5
1 37
1 3
1 86
1 84
1 67
1 24
1 25
1 81
1 70
1 91
1 4
1 92
1 87
1 16
1 57
1 22
1 21
1 65
1 20
1 47
1 58
1 34
1 59
1 53
1 7
1 78
1 15
1 2
1 85
