-1
578102787
-1
-1
-1
-1
-1
-1
-1
-1
-1
649182224
380166275
-1
-1
-1
-1
-1
-1
206007880
-1
959538828
-1
-1
-1
-1
-1
743028679
343338413
-1
-1
-1
394525366
932149712
212500933
-1
321032973
673448471
-1
-1
-1
-1
-1
-1
-1
-1
-1
-1
-1
-1
-1
-1
-1
-1
-1
-1
-1
-1
-1
59750387
-1
730828185
-1
828314132
486416267
504400328
527237626
-1
756166724
-1
-1
101540646
-1
-1
-1
-1
-1
-1
-1
-1
-1
182096836
602347416
276696443
538968777
-1
-1
713736594
46155265
-1
-1
-1
576508051
508943764
-1
-1
-1
-1
320125204
-1
-1
-1
-1
-1
350381893
-1
-1
-1
-1
-1
-1
-1
269651681
785905691
-1
928797463
-1
-1
463395075
-1
-1
984813283
-1
-1
-1
-1
-1
-1
-1
-1
-1
-1
680703585
-1
-1
-1
150977013
-1
-1
739143663
-1
-1
-1
-1
510887410
-1
-1
187561227
15839460
434199562
-1
238579147
-1
-1
169385885
-1
133425900
-1
-1
-1
-1
-1
-1
480017428
729629288
-1
-1
-1
-1
-1
-1
-1
267284417
-1
-1
-1
368303903
-1
-1
-1
4888806
-1
-1
-1
-1
649936012
-1
-1
-1
-1
-1
-1
989120035
-1
-1
-1
257158627
943567902
-1
-1
-1
-1
-1
148683636
-1
-1
601828625
-1
-1
-1
-1
125016754
-1
-1
-1
-1
-1
-1
-1
-1
653225444
-1
573633133
-1
-1
-1
-1
-1
-1
-1
706042549
947728400
-1
-1
-1
-1
-1
-1
-1
-1
-1
-1
406922221
505000272
-1
-1
-1
-1
-1
-1
-1
-1
-1
-1
-1
-1
-1
-1
-1
-1
-1
-1
-1
-1
-1
850538678
-1
-1
383133074
449671530
-1
-1
-1
91584604
-1
-1
451682837
-1
401544026
-1
-1
-1
-1
-1
681048959
759311076
-1
-1
-1
-1
-1
0
-1
-1
-1
-1
-1
-1
168648646
781611934
504494621
-1
-1
-1
-1
436980153
-1
879214354
90754678
-1
-1
-1
-1
-1
-1
143305558
-1
-1
-1
801050170
-1
-1
-1
-1
-1
-1
-1
-1
-1
-1
-1
-1
139313298
-1
986490801
-1
-1
-1
-1
-1
404701072
-1
-1
-1
-1
-1
426765693
-1
-1
571587111
15829982
27243684
-1
-1
-1
-1
-1
-1
842697383
-1
421778926
-1
-1
-1
-1
-1
-1
-1
-1
-1
766846410
-1
385600014
-1
-1
-1
-1
-1
-1
-1
264421725
476699244
244594673
-1
-1
-1
-1
506701473
-1
-1
-1
-1
-1
-1
-1
363546246
-1
-1
-1
-1
83335728
-1
0
-1
-1
854126687
-1
-1
-1
-1
-1
-1
-1
-1
-1
-1
-1
-1
-1
-1
-1
-1
-1
-1
-1
768230404
286203249
478500853
-1
-1
-1
-1
-1
282346810
-1
716486918
-1
-1
512706875
381313322
149729814
558428643
-1
804643118
-1
813781814
-1
-1
-1
-1
406007375
-1
-1
-1
-1
-1
-1
-1
-1
-1
-1
-1
-1
-1
-1
-1
-1
-1
-1
-1
-1
-1
-1
-1
-1
-1
553419430
-1
-1
-1
557730816
584088520
-1
-1
-1
259200512
-1
-1
-1
-1
292722882
-1
756816786
817366316
-1
-1
-1
26607398
-1
-1
-1
0
-1
165777478
829127088
-1
-1
840050482
-1
-1
-1
-1
311077321
-1
399692954
-1
-1
-1
-1
-1
281200387
-1
-1
-1
225646151
-1
-1
617934080
-1
-1
-1
-1
-1
-1
-1
-1
499927295
-1
235644867
-1
-1
306160778
-1
489279169
-1
416448054
-1
127738672
-1
-1
-1
-1
425502721
381911198
368506711
196231938
-1
-1
-1
-1
-1
-1
-1
429449861
-1
1310424
501181791
188107051
989527206
292675733
-1
-1
-1
822034617
-1
-1
934322453
517838224
-1
585455005
-1
-1
-1
601975806
-1
-1
-1
131331620
-1
-1
-1
-1
919943085
-1
-1
-1
0
-1
-1
-1
-1
-1
-1
-1
-1
732776129
-1
-1
-1
-1
-1
-1
-1
614097989
-1
-1
-1
-1
-1
213221945
543761050
-1
-1
-1
634572245
833317163
382469678
-1
517561445
617198201
-1
-1
-1
-1
-1
-1
740759287
-1
-1
135373150
-1
-1
227755457
-1
-1
-1
-1
-1
-1
-1
-1
-1
-1
-1
-1
-1
-1
-1
-1
-1
-1
-1
512132977
-1
-1
-1
-1
-1
-1
-1
-1
-1
-1
40722069
-1
-1
-1
-1
884299310
-1
-1
-1
-1
-1
102744923
-1
-1
0
883961409
145139919
-1
-1
-1
-1
-1
-1
-1
985134460
-1
275376731
-1
-1
-1
628932073
-1
-1
356054954
-1
-1
-1
-1
-1
-1
-1
-1
-1
-1
372347106
-1
-1
-1
-1
55040016
677572487
-1
-1
-1
-1
-1
-1
-1
-1
48539915
-1
-1
-1
-1
965937643
-1
139764985
12116316
-1
-1
-1
-1
-1
-1
-1
-1
0
471260330
-1
32244538
-1
-1
-1
-1
-1
354912441
-1
-1
-1
-1
-1
-1
-1
-1
437601011
-1
-1
-1
-1
-1
-1
-1
-1
-1
-1
-1
-1
-1
2922566
-1
-1
-1
-1
-1
663601858
-1
-1
-1
-1
-1
-1
-1
672594151
657253248
-1
-1
-1
323260982
394978742
-1
-1
-1
-1
-1
-1
616810580
-1
-1
-1
-1
-1
-1
-1
-1
-1
-1
-1
-1
-1
-1
723038208
-1
-1
-1
-1
-1
929037326
437868733
-1
-1
-1
-1
-1
-1
-1
155422918
-1
-1
-1
-1
931839687
-1
-1
-1
294900549
289510383
61207081
-1
-1
202651487
-1
-1
876623374
-1
660163548
-1
-1
-1
-1
-1
-1
-1
-1
50237250
-1
382228277
-1
-1
-1
-1
-1
-1
-1
24275986
-1
-1
990766449
-1
-1
912314429
-1
-1
-1
-1
-1
-1
-1
945766903
-1
-1
34803328
362150982
-1
582208618
-1
-1
214210434
-1
-1
285097196
-1
-1
0
897079377
-1
533166714
-1
916950938
-1
-1
-1
-1
227032537
-1
-1
279263744
-1
-1
530659918
-1
-1
-1
217692355
-1
-1
-1
-1
-1
-1
-1
61207381
6646361
-1
-1
220859355
-1
-1
908438359
-1
-1
-1
-1
-1
535911901
-1
269992605
54898478
-1
-1
782467594
-1
-1
-1
-1
-1
191625566
282161991
-1
985079539
-1
-1
-1
-1
-1
-1
-1
8798047
-1
-1
-1
-1
248354424
395473551
-1
-1
-1
-1
558917569
-1
-1
-1
-1
-1
-1
-1
-1
528230653
-1
-1
-1
-1
291078851
590287017
-1
-1
0
-1
-1
-1
-1
-1
337514208
-1
-1
-1
-1
-1
-1
-1
-1
-1
-1
-1
-1
-1
-1
319863655
679981597
391202188
-1
-1
-1
311899476
272602251
-1
389330699
-1
701545680
-1
-1
-1
-1
-1
-1
-1
-1
899286229
-1
-1
-1
724807460
-1
403251963
-1
-1
0
-1
-1
-1
-1
-1
142885006
-1
744010175
-1
38546087
197039162
-1
897582027
-1
-1
59723127
-1
169966745
-1
-1
234057936
-1
0
-1
696034682
-1
-1
-1
-1
-1
-1
-1
644339510
-1
620837572
-1
-1
-1
816215622
-1
113593009
-1
-1
259795404
781885475
-1
-1
-1
-1
586931291
-1
-1
-1
-1
6699664
705378842
-1
-1
208171608
-1
469551089
-1
-1
-1
671281862
-1
-1
-1
0
-1
-1
-1
-1
-1
-1
-1
-1
-1
-1
-1
-1
893118990
-1
-1
494658434
-1
-1
-1
-1
-1
-1
-1
-1
-1
-1
-1
-1
-1
-1
-1
-1
37639815
-1
-1
-1
-1
506162356
-1
-1
475034664
-1
714193258
-1
358729607
-1
-1
406271430
-1
8410134
-1
413596236
-1
-1
-1
-1
24206477
-1
-1
-1
356524250
63843486
-1
-1
-1
-1
-1
-1
-1
-1
683160247
395221407
-1
-1
-1
268017032
-1
-1
-1
-1
-1
-1
-1
-1
-1
-1
-1
-1
-1
-1
-1
-1
-1
-1
786628670
-1
338692228
-1
167672087
-1
915481471
-1
-1
-1
-1
-1
-1
-1
-1
-1
206500631
-1
-1
393083995
495771371
-1
-1
730541063
-1
-1
842599909
737906561
431550266
306215203
451234468
-1
639462118
-1
-1
725560477
-1
365317950
271122904
208183067
-1
142450488
410861325
-1
333342659
264514606
-1
-1
-1
-1
-1
925438122
-1
-1
-1
490568207
-1
-1
-1
392158897
-1
-1
-1
-1
-1
958134405
-1
635219185
-1
-1
-1
-1
-1
-1
361654625
-1
864380623
163562236
-1
-1
-1
854317178
-1
-1
-1
-1
-1
-1
-1
-1
663025334
-1
-1
-1
-1
-1
-1
-1
-1
827631826
-1
-1
-1
-1
-1
-1
-1
-1
-1
366735529
-1
-1
820981236
-1
619016617
-1
-1
-1
-1
950938543
-1
-1
-1
-1
353006644
-1
-1
-1
-1
0
413571714
977916970
-1
-1
195244775
-1
-1
317962185
-1
-1
-1
937915401
-1
676897946
-1
-1
549387140
-1
-1
-1
-1
-1
-1
272791202
718636052
383419339
-1
-1
433121494
-1
-1
-1
-1
-1
-1
-1
-1
-1
-1
311225888
943885642
-1
-1
584553945
-1
-1
-1
-1
903423131
-1
-1
-1
-1
-1
-1
767736370
866321038
816179272
-1
596014834
-1
-1
83278981
-1
-1
-1
-1
-1
-1
-1
-1
-1
-1
-1
-1
-1
-1
-1
-1
-1
-1
-1
-1
-1
201652693
-1
219128583
-1
-1
-1
-1
-1
-1
285362040
4584264
-1
407801731
-1
214417719
-1
425194362
-1
-1
-1
27395629
574352568
-1
632067760
-1
-1
-1
-1
-1
-1
504122482
-1
-1
460136118
-1
288802021
-1
-1
-1
-1
-1
-1
-1
-1
-1
-1
41483391
-1
-1
-1
882981069
575615593
-1
-1
-1
-1
57503598
-1
-1
-1
-1
-1
-1
-1
-1
-1
589739931
-1
523108411
-1
-1
-1
128590425
214909777
-1
-1
-1
-1
-1
-1
713706093
-1
-1
-1
-1
-1
-1
-1
875082839
467399744
-1
-1
-1
-1
-1
996066947
-1
-1
349444501
-1
-1
-1
-1
-1
-1
-1
-1
-1
-1
480519656
859675204
-1
-1
294206417
-1
-1
-1
-1
-1
211915829
-1
-1
704455563
-1
-1
-1
-1
-1
-1
0
-1
471526873
-1
264838419
-1
-1
-1
506951283
-1
-1
-1
-1
-1
-1
-1
-1
-1
-1
-1
461395835
-1
-1
-1
268245749
-1
800080926
-1
-1
-1
-1
-1
-1
-1
597995463
-1
-1
-1
-1
735232716
47743800
700122389
-1
-1
-1
-1
-1
34940634
-1
170830355
-1
-1
203615717
795189970
-1
-1
-1
-1
-1
-1
911852650
-1
-1
-1
-1
-1
-1
-1
-1
-1
653266569
785534128
-1
-1
-1
-1
-1
-1
-1
-1
-1
855546771
-1
-1
-1
-1
30747712
-1
-1
508952204
-1
354094621
-1
-1
0
-1
-1
0
-1
911306424
-1
134246202
-1
-1
-1
-1
-1
1655631
-1
-1
-1
-1
-1
-1
371674691
193747844
-1
-1
-1
31994728
-1
-1
-1
-1
-1
-1
116496232
-1
705602074
125983954
643543388
-1
735298140
273171623
487050651
-1
-1
27800559
585005632
850043869
-1
784735043
-1
-1
636125942
503385246
-1
-1
-1
-1
-1
-1
-1
-1
-1
-1
40043018
-1
228821712
555518402
-1
-1
-1
-1
-1
-1
-1
-1
-1
-1
632097719
-1
-1
831994066
0
-1
604360456
-1
-1
-1
-1
115065932
1560146
-1
-1
-1
-1
323921895
-1
-1
26792554
429498553
-1
-1
-1
-1
-1
-1
-1
-1
-1
568800150
-1
-1
-1
-1
-1
-1
87891611
932016336
-1
-1
539508455
-1
507294462
-1
-1
-1
-1
-1
-1
899464027
-1
-1
534705141
-1
-1
-1
-1
-1
341637524
618456994
-1
-1
243539821
-1
155529738
433785543
394155778
-1
-1
-1
-1
531111427
876036595
-1
-1
-1
-1
-1
-1
-1
-1
688319145
-1
-1
-1
-1
-1
36274283
-1
-1
15846219
707171527
-1
-1
-1
-1
-1
-1
-1
-1
915910881
-1
-1
-1
-1
-1
198133834
-1
-1
-1
-1
-1
-1
-1
-1
-1
951405989
-1
-1
-1
-1
375428226
-1
-1
-1
-1
-1
-1
241149926
583837157
-1
-1
-1
-1
974837604
895747195
-1
-1
-1
813484493
-1
546022177
-1
-1
-1
-1
746120828
837803629
-1
57196651
-1
-1
348495765
-1
481412254
-1
-1
-1
787644039
-1
-1
-1
60415545
-1
-1
-1
177108117
-1
-1
-1
-1
162483264
857590251
-1
375337728
-1
880112290
-1
-1
-1
-1
-1
-1
-1
-1
454870978
-1
-1
-1
-1
-1
404832937
-1
158023420
0
-1
-1
-1
-1
725430696
-1
-1
-1
663414866
-1
-1
-1
83769191
-1
-1
-1
-1
-1
-1
-1
704131634
-1
-1
-1
-1
405425290
-1
-1
-1
107314236
-1
888780435
-1
-1
21642898
-1
-1
-1
34023307
-1
-1
-1
-1
-1
-1
-1
-1
-1
-1
-1
-1
-1
-1
-1
-1
-1
-1
-1
-1
-1
-1
-1
-1
-1
-1
-1
-1
390208132
626393543
-1
239067975
-1
728184818
-1
-1
-1
513641456
-1
-1
-1
-1
-1
120664467
436452797
732422775
-1
-1
-1
-1
997418856
599004876
-1
-1
-1
-1
-1
-1
-1
592736721
-1
-1
-1
-1
-1
96483286
-1
-1
-1
-1
-1
-1
-1
-1
-1
-1
787458866
-1
386977529
-1
-1
-1
-1
707771005
-1
-1
327747693
-1
-1
60012912
-1
49785563
-1
718115457
-1
855005408
818278371
122958775
-1
396225950
461885110
-1
-1
306879876
808729925
-1
-1
-1
-1
-1
301853580
-1
259442610
-1
-1
-1
-1
-1
-1
-1
-1
865490928
-1
350621994
-1
776286832
-1
-1
101607473
-1
-1
294423079
954626132
-1
-1
87845113
-1
-1
-1
-1
-1
-1
-1
-1
717275940
-1
643432359
-1
-1
749169632
419416029
-1
-1
-1
-1
-1
-1
-1
-1
-1
-1
-1
-1
-1
398618113
-1
689566353
-1
-1
-1
742988263
-1
-1
-1
359144641
-1
774188004
-1
-1
-1
-1
631551448
-1
582822665
580984191
-1
335513578
335582278
180078956
-1
-1
-1
-1
-1
729134479
420860499
-1
-1
166333366
-1
355676734
-1
-1
-1
-1
-1
-1
504673071
-1
-1
-1
-1
-1
-1
367539934
-1
-1
-1
-1
-1
-1
-1
-1
-1
208689380
802208461
-1
-1
-1
-1
-1
-1
597880032
-1
-1
-1
-1
-1
-1
-1
-1
-1
130969766
801415589
-1
-1
-1
-1
645968049
-1
-1
-1
-1
-1
-1
-1
72603896
-1
226996915
-1
-1
-1
182406900
-1
-1
-1
-1
-1
-1
655000760
-1
-1
-1
0
396954796
72735597
-1
940908899
-1
-1
-1
337933741
683989936
-1
-1
-1
956715776
714602912
-1
-1
-1
600325666
416481142
468732125
-1
-1
-1
818581105
-1
-1
-1
-1
-1
-1
-1
-1
903128987
-1
-1
-1
-1
-1
-1
0
298624344
-1
610958068
743553672
-1
-1
-1
-1
-1
-1
-1
-1
-1
913972703
-1
-1
-1
549029445
0
873230963
-1
-1
-1
-1
-1
-1
-1
-1
-1
27175538
-1
-1
-1
-1
-1
-1
-1
635394206
452553527
-1
949584007
-1
-1
-1
-1
-1
-1
571572358
442465088
-1
-1
-1
-1
274925044
-1
216034311
-1
-1
-1
-1
-1
-1
-1
-1
-1
-1
975147846
-1
-1
-1
757217647
-1
-1
-1
-1
-1
-1
-1
-1
-1
291966339
-1
449633020
-1
-1
-1
-1
-1
-1
-1
-1
-1
528275268
-1
637982252
-1
-1
-1
-1
-1
-1
-1
-1
-1
535653924
-1
-1
-1
-1
-1
-1
24998198
466499626
-1
64025588
-1
-1
-1
668040756
-1
-1
-1
336982030
496625111
933796126
-1
923225182
-1
105144251
-1
-1
58077128
-1
-1
-1
-1
-1
-1
-1
-1
-1
-1
252136125
-1
-1
-1
-1
0
-1
-1
-1
-1
0
-1
-1
-1
-1
196059803
-1
-1
-1
330132343
721628810
-1
-1
665204771
714033381
-1
-1
-1
-1
-1
-1
-1
-1
-1
-1
-1
-1
-1
-1
-1
-1
-1
-1
420895069
-1
-1
-1
-1
-1
-1
-1
-1
-1
-1
-1
-1
-1
947519214
-1
-1
-1
-1
-1
-1
-1
-1
-1
-1
-1
-1
-1
-1
-1
-1
-1
-1
-1
291156968
-1
662284117
-1
-1
-1
-1
-1
-1
-1
-1
-1
-1
-1
-1
-1
-1
673618417
-1
-1
-1
-1
-1
-1
-1
-1
946120061
-1
-1
-1
-1
-1
-1
0
-1
-1
-1
-1
-1
-1
-1
-1
439487486
-1
-1
-1
-1
774752657
-1
9764408
579772776
-1
-1
-1
316565589
-1
728132357
-1
-1
-1
-1
-1
-1
-1
-1
857257923
116044545
-1
-1
-1
947650155
535091745
-1
-1
173606116
-1
-1
-1
-1
-1
555144340
-1
-1
-1
-1
-1
-1
776815671
-1
-1
-1
977865280
-1
-1
693096265
117368653
51467595
-1
-1
-1
-1
101854578
644523579
-1
-1
-1
-1
755640818
-1
317401123
-1
-1
358179469
77591362
-1
-1
-1
-1
-1
889782015
-1
-1
-1
-1
-1
-1
77774012
-1
-1
570260919
-1
401192772
-1
725685420
-1
-1
84359543
-1
-1
-1
-1
851908335
95433726
-1
714752504
-1
-1
311754878
-1
-1
307059285
-1
-1
-1
836461450
-1
-1
-1
-1
0
-1
-1
-1
-1
-1
919362611
-1
-1
903360704
175967051
-1
-1
941183252
915833408
282970074
-1
-1
-1
817007265
-1
484824833
-1
371924501
81284512
-1
-1
-1
-1
839234298
-1
-1
958040203
-1
-1
-1
-1
-1
-1
-1
-1
-1
-1
-1
-1
-1
-1
-1
150959021
-1
-1
-1
-1
-1
334572960
-1
-1
-1
-1
-1
-1
128438523
464642395
954805197
-1
-1
-1
-1
-1
-1
-1
-1
-1
-1
-1
-1
-1
-1
-1
-1
-1
-1
-1
-1
431551401
-1
-1
170805188
-1
-1
-1
-1
149896347
-1
-1
-1
-1
-1
-1
-1
-1
-1
-1
-1
-1
-1
-1
946180886
-1
-1
276158497
-1
337899806
-1
182116771
-1
-1
381052479
-1
-1
-1
946272006
273406370
-1
-1
-1
-1
-1
-1
686753195
679826959
-1
-1
-1
-1
-1
366462702
-1
-1
-1
-1
868527890
-1
-1
-1
-1
-1
-1
126205775
-1
-1
-1
-1
-1
-1
-1
-1
-1
-1
-1
131558576
0
-1
-1
700298472
26224922
-1
0
-1
-1
-1
-1
-1
2054955
-1
575409109
-1
904719638
-1
-1
-1
388748063
-1
-1
-1
-1
-1
-1
-1
-1
-1
-1
558416711
-1
-1
306468231
-1
-1
-1
-1
-1
-1
-1
-1
-1
901363912
-1
-1
-1
-1
537915655
-1
-1
-1
-1
-1
-1
-1
-1
-1
286379531
-1
-1
-1
-1
-1
576805519
-1
744676358
-1
234003051
-1
-1
562828785
-1
-1
-1
-1
-1
-1
-1
-1
-1
-1
-1
-1
-1
460322979
-1
919090902
591500953
-1
-1
-1
-1
-1
-1
-1
408372365
-1
-1
-1
-1
-1
-1
-1
493330547
566127490
-1
-1
974161956
-1
-1
-1
-1
692209589
-1
368095330
414881554
954513276
827670704
-1
-1
-1
-1
-1
-1
-1
-1
-1
-1
-1
-1
-1
383705485
-1
-1
-1
-1
92759491
753600074
-1
-1
-1
-1
5735943
-1
786731984
-1
-1
824197358
-1
-1
91480962
-1
-1
-1
-1
-1
772988061
581826582
-1
-1
-1
-1
216261710
-1
-1
-1
-1
-1
-1
-1
-1
4667053
-1
104738818
-1
-1
874374578
-1
-1
266068139
-1
-1
-1
-1
-1
-1
-1
-1
-1
-1
347779718
-1
-1
-1
-1
-1
422028736
-1
952535782
562643756
-1
-1
-1
-1
-1
-1
377245215
-1
-1
-1
-1
-1
-1
-1
424537165
345863735
471851609
915423624
-1
-1
-1
385654361
839743086
920831468
24368433
840545291
-1
800279765
-1
-1
563911175
-1
-1
-1
-1
-1
-1
-1
-1
-1
-1
-1
-1
-1
-1
-1
-1
183639667
-1
215820879
546289017
-1
-1
-1
-1
-1
-1
-1
-1
27568420
-1
-1
-1
0
-1
868224062
-1
270855753
-1
-1
-1
-1
557452670
-1
-1
-1
50767965
-1
-1
-1
392431873
-1
62747292
340390403
359888116
-1
-1
-1
-1
475256330
343978558
-1
-1
-1
-1
-1
-1
-1
-1
-1
-1
77109698
677524935
-1
-1
-1
713604406
-1
-1
-1
-1
758399021
-1
-1
-1
-1
866064160
823808912
-1
374387598
-1
-1
-1
82973862
-1
16699500
204923498
-1
230062466
-1
-1
817712553
-1
-1
-1
691277025
745626019
-1
-1
-1
-1
-1
-1
-1
35993668
346194129
-1
484087625
-1
578513450
481410368
-1
-1
-1
-1
667498396
-1
136671811
852208538
-1
-1
901670879
-1
-1
625031872
-1
-1
-1
988862541
-1
-1
-1
-1
-1
-1
752793136
968836443
-1
-1
-1
-1
411957131
0
-1
-1
-1
531455372
-1
-1
-1
-1
884693540
-1
-1
-1
0
-1
-1
-1
-1
600746129
-1
619168562
-1
-1
-1
269305803
-1
-1
-1
-1
-1
-1
-1
129183142
-1
-1
-1
-1
-1
-1
-1
-1
112351426
73560979
839290960
-1
609805592
916978402
298534947
-1
-1
379009119
-1
-1
-1
-1
-1
-1
-1
-1
-1
-1
-1
-1
-1
704396135
-1
-1
-1
969661438
-1
759208949
-1
-1
-1
-1
-1
-1
-1
638214910
-1
-1
599667433
577068980
643844701
-1
-1
-1
-1
-1
913274619
-1
-1
-1
-1
528642732
-1
-1
-1
-1
35822596
-1
-1
-1
-1
-1
-1
-1
847773988
-1
0
-1
-1
-1
457006251
-1
-1
-1
-1
-1
-1
0
-1
496017726
-1
322038796
990934211
27954324
-1
6191184
-1
-1
183385512
870427133
-1
-1
-1
-1
707993953
-1
-1
-1
100065500
-1
-1
-1
252108607
-1
-1
-1
862972762
-1
-1
-1
-1
861101599
836604730
-1
-1
-1
673212717
-1
-1
-1
-1
-1
529465013
-1
-1
646575219
-1
-1
-1
75962823
-1
617185091
944135452
-1
-1
578018641
-1
-1
0
-1
-1
-1
-1
-1
-1
-1
24610362
324462684
-1
-1
-1
-1
975242671
354097231
-1
-1
-1
-1
-1
948172814
597567479
-1
-1
-1
-1
839604795
-1
-1
-1
68423686
-1
431922621
787328484
932389739
57365737
-1
-1
191382313
-1
694035832
-1
582651554
-1
-1
-1
-1
-1
-1
-1
-1
-1
-1
-1
-1
-1
-1
-1
-1
777412970
603121209
481097699
-1
-1
666596715
-1
-1
938168416
-1
-1
-1
563106013
-1
59759625
-1
-1
-1
-1
513772955
-1
778836334
-1
636871808
-1
-1
-1
-1
-1
-1
-1
-1
-1
-1
-1
-1
429345479
-1
-1
-1
-1
-1
-1
-1
-1
-1
-1
160952408
-1
288243053
-1
788407786
-1
-1
-1
-1
397668452
-1
-1
-1
-1
-1
-1
-1
-1
-1
-1
43823768
-1
717429888
-1
-1
419228923
-1
-1
-1
726317891
-1
-1
-1
-1
-1
573614753
-1
-1
659155543
-1
-1
-1
-1
-1
602480175
21061740
-1
-1
-1
-1
928645518
-1
-1
-1
-1
909512068
100565669
-1
-1
-1
-1
-1
-1
350907792
-1
535493158
0
-1
-1
-1
-1
-1
-1
-1
-1
-1
957124221
-1
277023105
-1
734072069
-1
-1
-1
428012901
82522175
-1
381423405
-1
-1
-1
-1
-1
437841225
-1
-1
-1
-1
-1
-1
276501281
-1
0
-1
-1
345157929
-1
-1
-1
-1
-1
-1
-1
-1
-1
-1
-1
-1
777363799
120430147
-1
-1
-1
-1
-1
-1
-1
873041559
-1
-1
-1
704739936
-1
584069873
-1
-1
-1
-1
-1
-1
-1
-1
351593945
-1
-1
932008854
-1
-1
800655494
-1
972851947
-1
-1
713940221
-1
-1
-1
-1
175207685
-1
866634030
-1
-1
-1
679731787
-1
-1
334103156
836123853
-1
-1
-1
-1
-1
-1
-1
-1
-1
104343007
-1
679092598
553015786
-1
316631294
-1
-1
-1
201330550
-1
693290148
-1
822014556
-1
-1
80579231
251615530
-1
683919677
306840022
-1
-1
-1
-1
-1
-1
-1
-1
-1
-1
-1
-1
116170955
972539483
-1
-1
902014670
-1
888913101
-1
-1
-1
-1
-1
-1
-1
-1
459005588
-1
-1
-1
844249989
-1
-1
-1
-1
-1
534023517
-1
-1
726039387
-1
-1
-1
-1
426244639
482460756
379823096
-1
-1
-1
872982109
286975544
-1
-1
-1
-1
-1
-1
-1
58253486
-1
-1
-1
397359262
-1
-1
-1
-1
510594305
-1
-1
75612767
-1
-1
-1
-1
331772387
-1
18345914
838160325
171221466
-1
185646084
-1
-1
-1
-1
-1
-1
745236368
163327175
-1
-1
-1
-1
-1
-1
-1
-1
671965509
-1
-1
-1
-1
-1
-1
110175776
123224885
-1
-1
-1
-1
776881063
575821881
-1
-1
-1
-1
881352530
-1
461880809
-1
786174398
-1
-1
759099763
-1
-1
-1
302786009
-1
69096226
-1
-1
-1
-1
-1
-1
-1
-1
-1
-1
-1
-1
-1
-1
870024821
-1
-1
-1
293881681
827853746
959084066
-1
341790147
266222676
-1
-1
-1
954184411
-1
617437968
-1
-1
-1
-1
167582095
-1
523513831
-1
829867262
-1
-1
-1
-1
-1
-1
-1
-1
-1
-1
-1
460288063
-1
29650052
-1
-1
-1
-1
-1
-1
-1
-1
-1
109954997
431439695
25529124
-1
-1
774488900
-1
-1
-1
191540992
-1
-1
-1
-1
-1
795362498
-1
481177031
-1
-1
-1
-1
-1
-1
-1
-1
-1
612307544
300055778
-1
-1
-1
-1
-1
-1
352652761
-1
-1
-1
-1
778706825
-1
-1
657433636
-1
-1
-1
-1
-1
-1
-1
-1
390345805
638895305
-1
-1
-1
-1
580092936
111830831
-1
959578875
-1
892532007
-1
-1
161709141
-1
-1
-1
702846159
-1
-1
-1
-1
-1
-1
744837685
-1
-1
567265384
-1
0
-1
-1
-1
-1
-1
-1
-1
-1
-1
-1
-1
-1
-1
-1
-1
333961588
369505869
474294476
-1
45536225
-1
-1
742029257
-1
-1
-1
-1
638740071
-1
-1
798593508
-1
-1
275229005
435158765
-1
-1
0
-1
467620959
-1
261408073
-1
82887213
-1
-1
340568139
461789340
-1
44616327
-1
52109016
507160195
557123213
-1
-1
374525004
-1
-1
447322313
871359044
-1
-1
38238953
-1
-1
-1
-1
-1
-1
-1
-1
-1
-1
-1
959698049
-1
-1
-1
-1
-1
-1
-1
-1
-1
-1
414442254
-1
-1
-1
557550405
-1
-1
-1
-1
-1
-1
445514767
667246635
-1
-1
-1
409268048
662507054
-1
-1
-1
-1
516689848
-1
-1
-1
-1
887080869
-1
598852931
-1
-1
138564278
-1
-1
-1
-1
-1
185840149
-1
-1
310713038
-1
-1
-1
810543010
-1
-1
451603381
226206692
461047467
-1
-1
352628343
-1
-1
-1
-1
141248510
-1
-1
-1
0
-1
-1
-1
-1
-1
-1
-1
-1
611658520
974317742
648851379
-1
-1
572874681
-1
-1
-1
-1
-1
-1
-1
725295997
-1
-1
94483174
-1
-1
-1
826588425
842003090
-1
-1
-1
676935455
-1
-1
349504726
-1
-1
-1
-1
-1
316079531
-1
-1
12732419
-1
-1
-1
0
-1
-1
-1
107936515
418832704
-1
-1
-1
-1
762025468
-1
-1
-1
-1
891098402
-1
117123578
-1
-1
-1
835131241
-1
-1
415206290
-1
-1
132666347
-1
217266407
-1
-1
423295869
-1
-1
-1
-1
-1
-1
-1
420394190
0
-1
795788658
-1
-1
349787680
-1
-1
-1
-1
10306949
-1
293170542
-1
-1
-1
-1
-1
-1
-1
87777179
-1
-1
-1
-1
-1
-1
-1
313763228
442030173
584074861
-1
-1
-1
456083245
862640271
-1
-1
291726072
-1
-1
-1
-1
0
-1
-1
-1
0
-1
-1
-1
-1
-1
-1
-1
-1
733468884
-1
420365690
980703191
-1
-1
958528992
-1
-1
-1
-1
-1
-1
904700962
424138411
358708459
-1
-1
-1
-1
-1
-1
465041277
-1
979113194
184383256
-1
-1
506812143
0
-1
-1
-1
-1
-1
541446345
-1
-1
0
-1
-1
-1
-1
-1
-1
-1
-1
-1
-1
-1
694026379
433566075
949450656
-1
-1
-1
602028488
-1
269578675
-1
396720759
-1
-1
-1
-1
-1
455588436
756319752
-1
-1
-1
725186820
-1
941346867
-1
-1
-1
-1
-1
487471033
-1
-1
-1
176819695
439115631
-1
632486571
-1
819506571
-1
766473833
503489937
-1
-1
-1
-1
-1
-1
-1
-1
-1
-1
59710450
231936628
206342214
-1
-1
-1
132281281
-1
-1
-1
-1
6360444
972052663
-1
13432252
-1
-1
-1
-1
-1
-1
-1
-1
-1
-1
-1
535378867
-1
-1
-1
-1
262364356
542432663
952156020
188325280
-1
626664836
-1
273551912
-1
-1
-1
-1
-1
-1
905863926
481907063
-1
-1
-1
-1
-1
-1
-1
-1
-1
-1
-1
-1
-1
-1
-1
-1
-1
-1
-1
-1
-1
261469805
228796415
485675011
-1
-1
-1
610453401
133376178
-1
-1
-1
-1
-1
677260191
77560717
-1
399779450
-1
-1
890158186
-1
-1
223126301
-1
363097112
-1
821582930
-1
226009040
-1
128550682
441434173
-1
-1
-1
730148747
-1
-1
-1
-1
-1
-1
-1
-1
-1
913213294
994025822
-1
-1
-1
182511111
-1
-1
-1
-1
-1
-1
652158041
430405064
748412118
-1
847147647
-1
-1
-1
-1
826207332
-1
-1
-1
627371939
-1
13454810
-1
-1
0
623010302
-1
823967580
-1
-1
460086453
-1
-1
-1
450277083
-1
-1
73761214
-1
98277539
-1
722665853
985437234
0
-1
-1
-1
-1
-1
-1
-1
831583750
0
148863714
-1
-1
-1
-1
-1
-1
-1
-1
224214684
148713273
-1
-1
-1
-1
74202363
260717942
-1
-1
-1
554194679
-1
-1
800491219
-1
-1
-1
514488079
-1
-1
-1
-1
-1
-1
-1
-1
-1
-1
-1
-1
-1
-1
119988775
-1
-1
-1
434517293
258730708
-1
-1
-1
-1
143301077
-1
847626860
-1
-1
-1
-1
-1
-1
318039035
-1
-1
-1
-1
-1
0
-1
-1
-1
877419998
-1
714151326
70975565
-1
-1
-1
-1
511506956
-1
501439324
611116185
-1
-1
-1
-1
-1
-1
-1
-1
407085722
-1
-1
-1
-1
-1
-1
950129143
725925505
-1
76405855
-1
642895040
-1
826216070
-1
366817236
-1
-1
-1
-1
-1
-1
0
-1
-1
-1
601227011
558230411
-1
-1
-1
449300485
713551637
-1
-1
-1
-1
-1
-1
-1
-1
-1
-1
-1
160239500
-1
774670178
811729509
230576439
-1
-1
-1
-1
-1
-1
-1
-1
44891767
-1
-1
-1
-1
-1
-1
301498806
-1
-1
-1
604929990
807756862
155921198
606680812
-1
773241692
-1
-1
-1
-1
-1
619771484
-1
895909311
-1
-1
511059741
-1
-1
-1
-1
-1
-1
-1
-1
-1
-1
489796917
-1
222529531
-1
-1
-1
-1
787072800
-1
-1
810935340
-1
991692812
990064273
0
-1
-1
-1
-1
-1
-1
-1
-1
-1
-1
-1
83773790
-1
-1
-1
-1
-1
801808008
-1
-1
-1
-1
860580599
0
-1
-1
-1
-1
-1
-1
-1
-1
609335788
987657801
-1
894813610
250148780
-1
-1
-1
280334443
-1
827793233
-1
-1
-1
-1
352878153
783964897
-1
-1
-1
-1
-1
-1
274560928
-1
-1
305498440
-1
-1
-1
425752531
-1
941678790
-1
-1
567158888
954921420
-1
247260523
-1
-1
-1
-1
975790495
-1
605207138
384927430
807169297
-1
-1
-1
-1
250300349
313461971
-1
-1
339445842
194472464
-1
-1
-1
464392585
-1
-1
-1
536524246
476264335
-1
848484743
526975829
757030382
-1
272954683
33481930
593938270
-1
-1
-1
671813564
-1
-1
-1
-1
-1
-1
563369646
-1
-1
-1
-1
-1
-1
-1
-1
-1
-1
-1
-1
-1
-1
-1
-1
-1
-1
-1
-1
-1
68635929
-1
-1
-1
-1
-1
933407290
-1
454638775
-1
468886761
-1
185221495
-1
969815839
954671610
-1
212390352
-1
-1
-1
-1
-1
-1
-1
-1
-1
-1
-1
-1
554054471
377299631
-1
-1
-1
-1
-1
-1
535869084
-1
-1
-1
-1
-1
-1
-1
-1
-1
-1
6718139
389291161
-1
-1
-1
-1
-1
271008212
-1
-1
-1
-1
-1
724481035
938718124
-1
-1
-1
-1
488126205
-1
570461636
-1
468854561
500582885
-1
-1
692800263
-1
-1
-1
411326060
191718936
244027348
-1
-1
462598536
274046721
-1
820244612
125644616
89540044
-1
-1
-1
630560612
-1
-1
-1
-1
23863298
-1
-1
-1
-1
-1
-1
856511337
-1
777473903
462413966
-1
16914
-1
307831527
-1
683574545
0
-1
-1
-1
-1
632592528
-1
-1
0
-1
-1
-1
-1
-1
-1
-1
729638911
-1
-1
-1
-1
-1
380066114
778476452
-1
-1
-1
-1
-1
117852400
-1
-1
-1
-1
243694581
677592241
-1
287333239
-1
-1
-1
101965150
340312068
-1
593643227
-1
-1
-1
-1
668039216
-1
125960140
-1
-1
-1
949298711
-1
-1
503543263
596478778
-1
627908581
-1
816496892
-1
-1
-1
-1
-1
-1
-1
-1
-1
-1
-1
-1
-1
-1
-1
-1
309275997
-1
-1
863250267
182883621
-1
-1
-1
-1
-1
-1
-1
-1
-1
-1
381253807
606528867
-1
669833572
-1
-1
-1
-1
-1
-1
620716446
-1
-1
-1
-1
-1
-1
-1
169914875
-1
-1
389688394
-1
-1
118636
-1
-1
-1
159025474
-1
-1
-1
568893923
-1
126191950
-1
-1
-1
-1
-1
-1
681848151
-1
789875161
403218438
939442428
-1
177465812
-1
-1
525653465
-1
-1
0
-1
896562257
-1
-1
-1
-1
-1
-1
-1
-1
629986491
-1
-1
-1
-1
923478615
0
-1
-1
-1
-1
-1
-1
-1
-1
-1
-1
-1
461894651
197504273
-1
-1
778414399
-1
-1
-1
-1
-1
612247757
-1
-1
-1
-1
-1
-1
663730
-1
442180496
-1
-1
-1
-1
-1
-1
-1
-1
-1
-1
-1
673921983
-1
-1
-1
-1
-1
510544231
-1
-1
-1
-1
183490861
885654614
-1
798628640
-1
-1
-1
-1
-1
-1
748302728
-1
993179744
486269303
843968997
-1
205559926
-1
-1
-1
-1
-1
873651945
-1
-1
-1
437272280
-1
-1
-1
-1
-1
-1
659807825
-1
-1
366306113
-1
-1
-1
-1
-1
-1
-1
212337393
-1
-1
-1
-1
89307345
-1
-1
-1
-1
-1
-1
-1
171213953
-1
-1
-1
-1
-1
-1
824816917
-1
-1
-1
-1
-1
-1
-1
920604353
-1
-1
-1
-1
-1
-1
-1
-1
-1
-1
-1
-1
-1
185673182
-1
-1
901920689
-1
183059172
-1
899536039
-1
-1
-1
68944281
-1
-1
-1
147757910
-1
-1
-1
-1
-1
53347559
264323185
-1
-1
-1
987795181
321430549
-1
378042906
687387317
-1
473466069
-1
-1
-1
-1
-1
-1
-1
-1
220412258
-1
402926129
319646633
832131107
-1
-1
-1
-1
717217423
-1
-1
0
-1
-1
86239363
-1
-1
-1
-1
976837570
-1
-1
-1
-1
-1
-1
-1
-1
-1
-1
-1
-1
-1
-1
583660649
975969666
-1
-1
-1
-1
-1
434008063
385408408
-1
299782155
554694933
970241820
-1
-1
-1
-1
-1
-1
243506753
610485
-1
-1
726687887
966784524
-1
887893765
-1
-1
586461487
990871017
-1
-1
14901893
-1
-1
789720711
405453062
760986962
-1
-1
-1
-1
75389362
-1
-1
-1
-1
678032603
-1
-1
-1
952997593
-1
-1
-1
-1
228401203
-1
-1
171857055
-1
-1
4399231
-1
628629795
-1
-1
-1
-1
290648162
-1
-1
338570843
-1
-1
-1
897939722
952987469
-1
714221851
-1
728935368
-1
0
881758704
-1
-1
-1
-1
-1
-1
828608233
-1
-1
-1
-1
202326751
-1
-1
-1
-1
-1
-1
517084108
-1
-1
-1
-1
-1
-1
553848149
-1
-1
-1
961929423
478565023
-1
911774729
-1
904419307
-1
419572074
-1
-1
-1
247145105
429789399
-1
-1
596635930
-1
-1
-1
-1
423275857
-1
-1
-1
992705856
-1
-1
836055648
200783383
-1
-1
-1
282183390
0
-1
-1
-1
-1
-1
-1
-1
-1
-1
-1
-1
-1
-1
-1
188959069
-1
-1
875229594
-1
-1
620453661
-1
-1
488788518
-1
-1
-1
-1
-1
-1
-1
-1
-1
-1
-1
-1
960308724
-1
896787060
51859206
-1
-1
39683423
-1
-1
-1
-1
563061682
881640109
-1
-1
-1
-1
-1
-1
336748783
-1
191895199
-1
-1
699821994
493007907
-1
-1
696676973
-1
403309808
-1
-1
-1
761232282
-1
732208551
108038952
-1
-1
-1
774792502
860587259
-1
-1
-1
554299836
-1
-1
-1
-1
762530669
-1
-1
-1
-1
-1
210435528
-1
195371371
-1
-1
-1
-1
-1
-1
-1
-1
-1
-1
637750895
-1
3445222
187417682
-1
-1
-1
-1
-1
-1
-1
-1
-1
-1
-1
-1
631662878
-1
-1
399926491
-1
-1
-1
-1
-1
-1
-1
69370721
-1
-1
-1
104712273
724648422
-1
496464454
-1
-1
0
-1
692572231
-1
664275209
-1
530959482
-1
-1
-1
-1
-1
-1
-1
-1
-1
330473254
-1
20569370
212181508
730526486
-1
-1
342513217
-1
-1
-1
760693427
345335447
608639038
-1
198019088
-1
-1
-1
-1
-1
-1
-1
-1
-1
-1
331877401
-1
917950527
-1
-1
-1
-1
-1
-1
-1
-1
74778436
-1
-1
-1
675631652
-1
-1
967857170
-1
-1
194869948
0
-1
-1
-1
-1
672144276
-1
-1
-1
-1
-1
824968862
136769922
-1
-1
-1
656312752
682910437
-1
692781941
256400257
-1
-1
-1
700146527
-1
-1
248168318
-1
-1
795323371
-1
-1
-1
-1
-1
543979425
622647222
-1
777224242
-1
-1
-1
-1
979798763
-1
-1
-1
-1
-1
107887007
-1
633733779
-1
16986622
969425904
-1
-1
-1
-1
478667560
171359345
527831611
569662500
-1
-1
-1
-1
-1
-1
-1
-1
-1
-1
-1
111371901
-1
-1
0
-1
-1
297584946
-1
-1
-1
-1
-1
-1
-1
-1
-1
689630611
-1
245086876
-1
66844188
217180182
-1
-1
-1
-1
-1
-1
2968502
984525179
-1
-1
380532806
-1
-1
-1
-1
489453528
-1
-1
585036204
-1
-1
74018975
-1
-1
345622569
163464763
623936881
-1
-1
-1
-1
-1
-1
-1
-1
-1
-1
-1
-1
-1
-1
-1
973596257
-1
-1
817121921
-1
-1
-1
-1
-1
-1
-1
660050392
606019690
-1
-1
207881397
-1
302174318
532820463
342001041
-1
-1
68366353
-1
-1
132776090
170335546
908314027
-1
-1
348341506
634142748
-1
-1
-1
115232673
-1
-1
692042940
359502336
-1
-1
-1
-1
-1
-1
0
-1
-1
-1
301836348
-1
-1
-1
-1
-1
-1
-1
-1
-1
-1
0
943515838
-1
-1
383914148
-1
-1
-1
-1
-1
68091481
-1
0
369789110
-1
-1
-1
108717407
50735224
-1
-1
-1
-1
-1
899064804
-1
-1
494492764
523561340
-1
-1
-1
-1
-1
-1
-1
0
-1
-1
388088802
-1
-1
-1
-1
-1
-1
-1
-1
-1
670841577
-1
-1
-1
-1
-1
-1
-1
470649729
180760486
-1
806486398
-1
-1
-1
-1
114545474
-1
-1
-1
-1
611713339
262888981
-1
-1
-1
762039787
-1
-1
608436378
638062965
236287808
849094208
-1
-1
350071705
-1
-1
-1
181591156
-1
720675793
-1
-1
-1
-1
-1
-1
-1
-1
-1
361551366
-1
-1
-1
558937306
-1
-1
-1
-1
-1
-1
659228120
305014127
386689286
-1
-1
-1
-1
-1
-1
-1
0
956673884
-1
-1
-1
-1
-1
-1
315991635
-1
-1
726774115
730780859
-1
-1
-1
-1
-1
-1
-1
-1
-1
-1
-1
-1
-1
-1
-1
93210561
-1
-1
-1
134279021
-1
-1
-1
-1
237568456
-1
-1
-1
916136969
-1
-1
-1
-1
-1
-1
-1
-1
-1
435255184
860464070
-1
-1
-1
-1
177347672
-1
-1
-1
-1
956465966
-1
-1
-1
-1
-1
-1
-1
-1
484638925
622992988
109286160
-1
-1
-1
-1
-1
-1
-1
-1
704381102
-1
-1
762491474
-1
-1
-1
-1
-1
-1
-1
-1
-1
-1
754082328
-1
-1
-1
-1
-1
943746874
743964382
-1
-1
-1
264821018
172058097
-1
589962281
-1
-1
-1
-1
631801258
-1
-1
-1
-1
-1
159755670
-1
-1
-1
111678323
-1
-1
-1
731687419
-1
-1
977891374
479983918
-1
337563991
-1
949164431
502377241
556221791
-1
-1
792144721
622302596
485774494
82329320
171003111
-1
-1
-1
673088960
549470665
-1
-1
-1
-1
-1
-1
-1
-1
-1
-1
-1
-1
-1
-1
-1
-1
-1
-1
183625392
52615837
-1
-1
-1
-1
-1
-1
-1
242166323
123829128
-1
-1
-1
-1
-1
-1
-1
-1
-1
-1
-1
-1
-1
-1
0
79313958
-1
-1
-1
-1
-1
-1
-1
-1
-1
224761832
-1
-1
-1
-1
295482749
657681523
896323323
518229372
-1
-1
-1
93381624
-1
813146032
-1
-1
-1
353602422
-1
-1
-1
-1
-1
-1
452152641
-1
-1
991754030
-1
-1
-1
-1
-1
554851961
172123384
745085735
-1
-1
-1
-1
28642837
562271401
366115858
-1
837536234
232615346
-1
-1
792652169
84101801
-1
0
-1
-1
898726100
781466692
-1
-1
889395195
14212230
-1
633201550
-1
-1
-1
-1
723282323
471833435
-1
-1
-1
569990328
-1
-1
-1
7819723
-1
869605548
607213847
-1
493746857
-1
-1
-1
-1
-1
-1
624795294
-1
667459294
-1
-1
809098540
-1
-1
-1
774562777
-1
-1
-1
527998552
160475284
-1
-1
356506641
-1
-1
-1
-1
230405645
-1
-1
-1
-1
949911377
-1
-1
-1
-1
-1
-1
951353938
-1
-1
122458823
-1
-1
-1
0
-1
-1
-1
-1
691890995
-1
-1
-1
-1
-1
-1
-1
258913620
105484232
-1
573637848
786363582
-1
346711635
-1
-1
308875311
-1
11121158
344075627
-1
67052250
-1
-1
-1
-1
-1
-1
-1
-1
-1
-1
-1
450263389
-1
829587589
-1
-1
-1
-1
391364083
663884670
-1
-1
51230033
-1
-1
49311677
-1
582704804
-1
-1
142121103
-1
-1
501737832
-1
513227470
-1
130774743
950697864
657423175
-1
-1
-1
-1
-1
-1
-1
-1
435536200
-1
-1
-1
814459825
-1
552853410
-1
-1
-1
-1
36339235
-1
-1
-1
-1
67663736
-1
-1
-1
-1
110076699
-1
-1
-1
-1
-1
356372305
885950911
-1
185146630
744413907
262437294
456582151
-1
-1
442336117
-1
-1
-1
-1
-1
-1
409349188
782044775
807083511
-1
-1
-1
-1
-1
-1
-1
-1
-1
-1
-1
520753964
-1
-1
-1
-1
-1
-1
-1
-1
816091749
958514368
-1
-1
-1
681470110
-1
-1
-1
-1
-1
-1
445197504
-1
-1
762942521
-1
-1
-1
-1
-1
546337245
-1
697407040
-1
-1
-1
-1
-1
-1
-1
-1
-1
-1
-1
-1
-1
-1
-1
293868560
-1
150834244
-1
-1
918597352
-1
-1
384853387
-1
-1
434068147
-1
-1
-1
-1
-1
-1
-1
-1
305696661
903460294
-1
-1
-1
-1
348131042
712864709
-1
571100336
-1
682486114
308720826
-1
-1
-1
-1
-1
229261824
-1
-1
629344596
262924794
-1
657403681
-1
-1
255213045
-1
-1
-1
419222908
-1
828980588
-1
-1
-1
-1
-1
-1
-1
-1
-1
-1
888337545
628986901
-1
54605197
-1
-1
-1
-1
-1
-1
811894113
-1
743606687
661364113
-1
196893612
-1
-1
-1
393952353
516382558
-1
103335002
861159404
-1
-1
-1
-1
-1
-1
531000647
-1
-1
177970148
-1
-1
-1
-1
-1
-1
755516429
-1
443676351
-1
109878499
-1
-1
-1
-1
-1
257516322
177371786
-1
-1
-1
-1
-1
-1
917080097
-1
0
798380508
-1
-1
-1
-1
-1
-1
-1
624391824
-1
-1
-1
-1
-1
-1
-1
494371312
-1
-1
-1
-1
-1
-1
-1
-1
-1
-1
-1
298674930
-1
-1
794583544
-1
-1
854079273
-1
-1
-1
-1
-1
226463900
-1
344897867
0
-1
-1
-1
-1
-1
-1
-1
-1
-1
-1
732180012
-1
-1
-1
-1
-1
817957071
345746392
-1
179419069
-1
-1
-1
-1
-1
898091667
662196458
-1
-1
-1
0
-1
-1
-1
-1
-1
-1
447582154
686350443
-1
-1
-1
-1
657361187
-1
-1
428998174
703631713
-1
521704093
-1
-1
103299048
-1
462546914
-1
-1
129705920
868034521
-1
66662632
-1
-1
-1
-1
-1
44445864
-1
842312787
-1
662257244
-1
75590468
-1
-1
-1
-1
-1
-1
-1
-1
-1
-1
-1
-1
-1
-1
861721334
-1
-1
-1
-1
1053059
80941679
-1
-1
-1
-1
-1
-1
-1
-1
-1
-1
-1
966642308
620927168
-1
-1
276261588
-1
726543205
-1
108193251
-1
-1
499265356
41168156
-1
-1
-1
-1
-1
-1
-1
187753578
930044671
-1
-1
572193378
-1
-1
-1
54491760
-1
-1
-1
-1
387140973
-1
-1
921074157
-1
-1
-1
-1
-1
-1
-1
580955000
468235343
-1
-1
797414638
-1
-1
93787312
798072913
285371526
-1
-1
-1
385389373
-1
-1
-1
-1
-1
-1
-1
-1
-1
-1
318399425
-1
-1
-1
-1
-1
-1
-1
697352457
-1
277763105
-1
589470886
-1
-1
-1
-1
-1
-1
-1
170864536
-1
-1
-1
-1
-1
-1
-1
102804239
-1
-1
-1
-1
-1
109228453
-1
-1
-1
425621684
-1
227908370
-1
-1
-1
-1
907789821
-1
-1
-1
0
-1
-1
-1
384968459
-1
228191789
-1
-1
65055453
988862187
-1
-1
-1
-1
-1
-1
534191860
491247884
-1
-1
-1
-1
951749168
-1
773935998
-1
270464035
-1
-1
228824801
-1
348251109
-1
-1
-1
-1
-1
190066798
-1
-1
-1
-1
-1
-1
-1
514699265
661721113
-1
-1
-1
-1
-1
-1
-1
-1
-1
756892911
493508257
-1
-1
189404069
-1
-1
-1
-1
-1
679364310
-1
-1
-1
-1
0
-1
179915872
-1
287873381
-1
-1
-1
520614022
-1
-1
-1
-1
985782665
-1
576150356
-1
-1
-1
-1
-1
-1
-1
134266454
-1
-1
-1
-1
-1
-1
-1
547633630
-1
-1
-1
757578778
-1
-1
-1
-1
-1
-1
-1
-1
-1
-1
-1
558678453
-1
-1
218000928
-1
-1
-1
0
0
-1
-1
599850207
-1
-1
-1
-1
-1
642260076
-1
-1
-1
-1
-1
565020999
293971392
929161917
-1
-1
-1
-1
-1
-1
-1
80443110
556032060
-1
-1
-1
-1
883338371
443869817
-1
-1
-1
-1
-1
-1
-1
996568633
905513637
965145377
27456482
-1
155951908
-1
-1
187319596
-1
-1
-1
-1
930831682
-1
-1
954596527
994166737
868791223
-1
-1
-1
-1
-1
-1
-1
971658954
-1
8728995
303280818
-1
90601603
738771308
-1
-1
-1
-1
981747043
866974062
-1
-1
-1
-1
-1
-1
889287206
-1
-1
-1
-1
-1
-1
-1
-1
-1
513199205
476837885
827651123
226606847
-1
863253102
-1
-1
962938525
873166864
-1
305338863
-1
725118771
-1
-1
-1
264521954
-1
911402374
-1
-1
-1
245623709
662423762
-1
-1
677807895
733286353
-1
-1
-1
-1
-1
-1
-1
799208994
-1
-1
-1
-1
-1
-1
-1
-1
-1
-1
346714724
-1
-1
591110251
506289608
632221386
-1
-1
-1
850832714
-1
539564149
-1
-1
34461165
636335838
-1
-1
805898934
417794743
-1
-1
-1
891804600
-1
-1
764935161
-1
-1
-1
-1
-1
-1
105792472
-1
759170474
-1
-1
-1
-1
-1
160005480
-1
224169323
-1
-1
-1
-1
-1
605638798
995571150
-1
-1
-1
-1
-1
880112517
254761358
-1
572720213
475655276
774748160
-1
-1
-1
605658825
881830820
818670787
-1
-1
-1
-1
-1
-1
-1
-1
-1
-1
-1
-1
-1
-1
192969043
-1
-1
-1
-1
216096416
834194565
131067552
263174604
105667822
157548818
-1
-1
-1
-1
-1
-1
-1
-1
-1
-1
-1
794099684
-1
326098724
473093664
-1
-1
-1
875333887
-1
-1
-1
-1
308781188
-1
-1
-1
-1
-1
705875701
-1
-1
-1
-1
-1
860438074
-1
-1
0
-1
-1
376984142
-1
824419267
-1
-1
-1
912692699
129811637
-1
-1
-1
-1
-1
-1
538473968
-1
-1
374361680
-1
-1
-1
-1
-1
937417449
-1
-1
-1
-1
-1
-1
-1
-1
-1
-1
-1
-1
-1
-1
-1
766583990
972400260
-1
-1
246307892
-1
78886776
-1
-1
-1
-1
-1
-1
-1
643722414
0
-1
-1
162210704
-1
-1
-1
-1
644555510
-1
-1
-1
-1
376597859
-1
-1
-1
277794103
-1
787875309
-1
-1
-1
-1
161445355
-1
-1
-1
-1
321783256
-1
-1
-1
-1
-1
-1
-1
-1
-1
-1
-1
492872117
850355810
-1
-1
474907905
846365330
-1
-1
-1
153453609
-1
344527314
-1
-1
810650868
-1
-1
-1
-1
-1
-1
378714856
-1
-1
-1
-1
-1
537116292
-1
-1
655733583
-1
-1
-1
-1
-1
73405915
-1
-1
-1
-1
164068232
-1
-1
951062684
-1
-1
-1
-1
-1
556498375
-1
957545394
231039650
-1
-1
-1
137929831
-1
-1
-1
-1
-1
-1
-1
-1
-1
179131947
627250967
-1
976447329
-1
-1
-1
-1
-1
645473240
-1
790565146
669372024
-1
-1
-1
66802440
-1
-1
-1
343786373
546171187
-1
-1
-1
-1
-1
-1
641025595
-1
-1
821254809
-1
-1
78011611
-1
-1
867692699
-1
-1
-1
-1
424861574
-1
-1
-1
444877591
403092780
841835152
-1
-1
-1
-1
304934361
-1
-1
-1
742445522
-1
-1
-1
-1
-1
-1
-1
-1
-1
-1
868848007
-1
262914275
-1
433758253
-1
-1
-1
-1
-1
0
364659699
-1
-1
-1
-1
-1
356904911
-1
-1
-1
-1
967373985
82504058
-1
-1
-1
-1
-1
-1
-1
-1
-1
-1
699390408
93756229
316532256
843799789
473461974
956281591
-1
-1
-1
-1
281789636
-1
-1
-1
-1
-1
-1
-1
-1
-1
-1
-1
-1
956603626
-1
548892121
-1
-1
-1
-1
-1
-1
-1
937106195
-1
-1
-1
-1
-1
-1
-1
-1
277421260
-1
-1
-1
-1
-1
548440434
-1
-1
866182343
-1
-1
839100821
-1
-1
-1
670938683
260540487
-1
732533397
-1
-1
-1
828422792
366275762
458700545
385408186
704154267
168029620
-1
451658076
949857007
-1
-1
339614618
-1
-1
-1
-1
-1
712504912
-1
426143944
-1
-1
-1
755671915
-1
285587538
-1
-1
997892124
-1
-1
-1
-1
-1
-1
-1
-1
652555162
-1
-1
775981797
647440249
-1
-1
-1
-1
860018383
-1
888817321
70650829
-1
-1
-1
-1
-1
5261161
979117464
-1
-1
-1
-1
-1
514895192
-1
-1
-1
-1
-1
-1
-1
-1
746343989
-1
-1
-1
-1
-1
-1
882295931
-1
-1
776943166
-1
-1
-1
-1
-1
792843411
-1
-1
574366627
-1
-1
-1
282669705
731574345
-1
-1
366196162
-1
-1
543229036
-1
555068020
109153076
-1
90718708
-1
-1
252641444
-1
-1
-1
-1
-1
-1
-1
-1
-1
172394684
-1
-1
-1
-1
-1
397898598
-1
-1
-1
-1
-1
52782577
-1
210837295
-1
-1
186063318
-1
-1
-1
-1
-1
536566453
-1
846896631
256365239
-1
-1
-1
-1
-1
-1
-1
-1
-1
184393517
-1
-1
-1
-1
-1
-1
-1
-1
-1
-1
-1
-1
-1
-1
49417787
-1
258828191
-1
-1
-1
0
241793968
-1
-1
-1
134591190
-1
39253335
-1
-1
-1
-1
-1
-1
586462036
-1
-1
-1
-1
-1
-1
160880246
-1
-1
-1
509290568
-1
618445409
-1
-1
-1
-1
-1
-1
-1
-1
415257484
-1
-1
160992189
-1
-1
-1
-1
-1
92152151
-1
-1
825137854
530183562
-1
-1
-1
-1
-1
209527811
-1
-1
812707889
831688624
160925651
-1
970262795
-1
493119762
-1
-1
-1
111583536
-1
120956740
-1
617097702
-1
-1
741198314
-1
-1
-1
161252601
-1
-1
-1
-1
-1
-1
-1
0
969920713
-1
-1
-1
-1
-1
643327962
-1
-1
-1
-1
387112630
481574846
-1
-1
-1
-1
-1
-1
981143025
-1
-1
-1
937185104
484804024
-1
-1
719070296
-1
-1
-1
-1
799394770
933447249
-1
-1
-1
-1
-1
639098443
-1
307135613
262978203
222967476
-1
0
-1
639831291
-1
-1
795135573
876968311
-1
22708154
-1
362534107
-1
-1
694714674
0
-1
-1
136966291
829372453
953090027
320786810
-1
-1
-1
-1
-1
-1
-1
-1
688167200
-1
39643439
-1
942632766
-1
-1
-1
332714467
847870835
-1
-1
-1
-1
-1
-1
669046702
949652153
-1
-1
918251358
-1
965037570
919528586
-1
-1
-1
686943842
456061556
-1
901731038
-1
548598496
-1
557579442
-1
-1
-1
-1
-1
-1
23608908
899338875
-1
-1
426765234
-1
-1
-1
-1
-1
-1
-1
931403963
-1
-1
-1
-1
-1
922686086
202122497
-1
-1
-1
-1
-1
-1
-1
-1
-1
-1
-1
-1
-1
-1
-1
-1
-1
-1
-1
-1
730713391
-1
-1
-1
-1
-1
429341353
-1
-1
325023698
-1
-1
-1
-1
250930781
-1
-1
-1
-1
-1
-1
399112922
-1
-1
-1
-1
-1
-1
-1
814008770
140280992
-1
-1
871837433
-1
-1
695839103
-1
-1
-1
-1
-1
-1
-1
-1
-1
775664712
-1
-1
0
-1
773135837
-1
-1
-1
-1
-1
-1
-1
-1
-1
-1
108699463
-1
-1
-1
-1
-1
350997540
-1
993076161
-1
0
-1
51681720
819941642
283577170
-1
-1
-1
-1
-1
188025701
88790615
-1
-1
938621943
-1
-1
-1
800996786
-1
-1
-1
-1
-1
-1
706489972
-1
-1
-1
-1
-1
-1
-1
0
-1
-1
-1
-1
-1
-1
-1
-1
401131773
-1
715220709
-1
-1
-1
-1
-1
-1
-1
-1
-1
-1
-1
-1
-1
-1
-1
-1
-1
-1
-1
35837486
-1
944171438
-1
496563722
-1
-1
-1
-1
-1
-1
-1
-1
-1
-1
487115731
-1
-1
544166510
-1
-1
-1
-1
-1
-1
-1
31390164
193401010
738556667
-1
-1
-1
-1
-1
55402295
-1
-1
-1
494081012
-1
135690512
-1
-1
-1
-1
-1
-1
-1
-1
-1
-1
-1
-1
522474815
-1
524309681
128688333
-1
-1
-1
-1
-1
-1
-1
-1
-1
-1
-1
-1
197009464
-1
-1
-1
-1
-1
667098720
-1
-1
603869167
663735130
-1
-1
-1
-1
-1
-1
-1
-1
-1
892683952
-1
-1
-1
-1
-1
-1
288222118
-1
646499753
-1
-1
-1
-1
250494591
-1
527326719
-1
351637617
262419466
-1
-1
468868167
909097101
-1
-1
-1
-1
-1
-1
-1
-1
146185363
-1
-1
-1
910101980
-1
-1
979861735
242977763
-1
-1
-1
555639149
-1
-1
732187477
638036935
-1
-1
-1
-1
374539543
-1
-1
-1
-1
-1
-1
-1
-1
-1
129370600
-1
-1
-1
-1
-1
-1
-1
-1
-1
-1
-1
-1
-1
-1
-1
590082114
-1
-1
-1
-1
-1
-1
-1
-1
-1
627052042
693114324
557600300
113262312
-1
-1
123377441
-1
-1
-1
-1
-1
-1
-1
753630641
-1
-1
-1
-1
-1
-1
-1
-1
-1
-1
-1
-1
-1
-1
-1
-1
563104079
-1
95068987
-1
-1
338689794
-1
-1
483556816
-1
-1
-1
132569099
-1
536738159
-1
-1
-1
524161353
-1
-1
369467839
-1
-1
-1
759424499
-1
-1
-1
442387868
-1
605676511
-1
742666191
-1
-1
-1
108868046
-1
-1
-1
-1
-1
-1
-1
-1
732928658
-1
839109986
-1
-1
-1
-1
-1
-1
-1
856369344
-1
-1
-1
-1
-1
-1
75407628
-1
730932804
-1
-1
-1
-1
773464552
-1
-1
328173678
-1
681396464
385618237
-1
-1
631142283
-1
-1
-1
-1
-1
-1
-1
-1
-1
537524307
-1
-1
-1
-1
-1
-1
-1
-1
-1
-1
-1
-1
135373381
-1
-1
438918694
-1
223779605
362129986
-1
-1
-1
-1
-1
-1
-1
-1
304821817
987343494
-1
-1
571263262
442194689
934072643
-1
465914795
-1
-1
-1
-1
-1
-1
797597479
786284230
99629806
749217550
727878638
-1
-1
-1
-1
-1
-1
596126412
674076968
-1
-1
-1
-1
-1
941250611
214513705
-1
-1
-1
-1
-1
620415770
212893573
-1
-1
-1
-1
-1
261490575
882504749
-1
-1
0
-1
-1
-1
-1
264331517
0
369265063
305011038
534424614
-1
-1
964349820
-1
-1
-1
-1
-1
-1
-1
-1
-1
-1
-1
-1
-1
-1
-1
-1
-1
464921390
-1
232201871
-1
441875498
-1
-1
-1
-1
-1
-1
643841642
-1
-1
-1
-1
-1
-1
-1
-1
-1
-1
354125274
-1
-1
-1
-1
-1
-1
264708847
-1
-1
-1
112751118
-1
529313068
419248655
-1
471997413
-1
-1
-1
-1
-1
839992896
-1
-1
-1
552170196
995883918
89984031
-1
426295889
298615020
-1
-1
-1
-1
738147991
-1
-1
-1
228595336
394029081
-1
880966077
-1
-1
200072262
-1
-1
-1
-1
-1
-1
-1
-1
892846587
-1
-1
454363248
-1
-1
735352743
-1
-1
-1
-1
233289298
-1
33347097
295255103
-1
-1
347799422
236339141
-1
-1
-1
180778361
-1
-1
670605604
-1
-1
-1
-1
112071893
212591452
-1
856821031
-1
-1
-1
458686229
-1
-1
-1
820559133
-1
-1
-1
7437073
-1
-1
-1
-1
-1
-1
-1
-1
-1
-1
-1
-1
-1
-1
2401564
-1
-1
-1
779334160
-1
-1
-1
385657450
-1
807194266
-1
915748360
-1
-1
-1
-1
-1
-1
-1
-1
-1
-1
-1
547400906
37423935
-1
-1
-1
-1
495524877
-1
463675949
-1
-1
573143039
101730055
761172225
-1
-1
-1
-1
-1
-1
525192885
-1
-1
980940824
-1
-1
134206036
794927386
385331115
-1
257976285
760921430
-1
419776171
175446456
-1
-1
-1
-1
-1
563367623
-1
-1
-1
-1
-1
-1
317537893
-1
-1
-1
-1
-1
-1
-1
-1
-1
796007895
-1
-1
-1
291246283
-1
473627791
-1
-1
-1
-1
-1
770381913
-1
-1
632690684
-1
-1
-1
-1
-1
-1
-1
-1
-1
-1
843959201
-1
-1
-1
933733875
-1
-1
-1
-1
-1
-1
-1
-1
-1
316154165
-1
-1
-1
-1
751481378
-1
786989062
-1
-1
-1
110765289
901374522
-1
-1
-1
-1
-1
-1
-1
601842791
70343434
-1
-1
718920083
-1
-1
-1
-1
-1
-1
31933195
-1
-1
-1
-1
-1
-1
-1
-1
113775705
-1
-1
-1
-1
-1
-1
627786557
66580454
311195344
405675100
-1
-1
-1
899775398
-1
-1
-1
-1
-1
-1
-1
0
-1
-1
710518068
923336973
-1
-1
-1
409195177
-1
-1
131881054
-1
-1
334589867
-1
586016136
151294152
-1
-1
-1
-1
-1
-1
51186911
932436834
-1
-1
-1
-1
-1
-1
-1
-1
-1
-1
-1
-1
795951065
-1
-1
-1
-1
-1
-1
-1
-1
103269177
-1
-1
-1
-1
-1
-1
831333940
-1
-1
-1
-1
-1
-1
-1
373171622
-1
918070900
-1
-1
-1
-1
384280679
-1
-1
-1
-1
-1
-1
-1
-1
-1
-1
247506838
251534178
788867156
-1
-1
524477759
-1
234652361
-1
-1
52955927
-1
-1
-1
-1
-1
-1
-1
-1
-1
-1
-1
192343473
-1
-1
-1
-1
213428716
-1
-1
-1
239030834
0
-1
957328089
-1
647078140
702022588
198347542
70645198
-1
-1
470861866
-1
-1
-1
-1
662755314
-1
-1
-1
-1
0
-1
-1
-1
-1
-1
-1
-1
-1
-1
419743503
665812880
-1
-1
-1
556164574
-1
-1
-1
-1
73891751
77479498
-1
-1
-1
-1
55701964
-1
-1
-1
269849756
113829141
-1
-1
-1
-1
-1
-1
563404690
532733291
-1
-1
-1
835176698
-1
-1
-1
-1
-1
-1
-1
-1
-1
-1
763471165
25835016
-1
-1
-1
-1
-1
-1
-1
100877014
-1
-1
-1
264571208
-1
-1
-1
-1
-1
243125032
-1
-1
-1
-1
-1
-1
-1
281925524
754722254
-1
-1
-1
0
-1
-1
-1
-1
-1
-1
864297232
858074801
-1
-1
-1
759349573
871512697
-1
883011748
669256177
-1
-1
-1
-1
-1
-1
-1
-1
-1
-1
-1
-1
0
-1
-1
42655256
-1
-1
-1
395337547
604631608
-1
-1
-1
663794613
-1
-1
127766688
-1
882690418
-1
909084486
-1
-1
-1
-1
-1
382037616
-1
626143733
929757549
-1
440675808
-1
-1
-1
-1
-1
21841398
-1
-1
-1
-1
-1
-1
-1
671644490
-1
790380943
-1
-1
-1
-1
-1
-1
385064637
-1
-1
-1
-1
-1
-1
843585844
-1
-1
-1
0
-1
-1
869371301
-1
-1
-1
-1
-1
-1
656949239
-1
202396965
-1
-1
-1
-1
-1
-1
-1
18972023
354500740
-1
-1
-1
186867909
-1
-1
-1
-1
-1
856287539
-1
-1
138704447
-1
374684354
195353693
-1
-1
81384541
579271963
309400988
-1
-1
-1
-1
-1
-1
-1
-1
-1
-1
-1
-1
-1
-1
-1
-1
-1
-1
-1
-1
-1
169814800
-1
0
-1
-1
-1
-1
-1
-1
-1
-1
-1
-1
-1
826494454
935939152
-1
-1
-1
-1
-1
-1
-1
264620771
-1
-1
-1
-1
117509790
774832079
-1
-1
-1
196972595
540231712
39188614
484165685
473409596
-1
-1
-1
193997654
-1
-1
90138220
-1
-1
-1
-1
-1
-1
-1
-1
-1
-1
-1
515311627
-1
878762667
-1
-1
-1
-1
-1
723548748
-1
-1
-1
-1
-1
-1
-1
-1
126137425
192077253
-1
-1
-1
-1
-1
-1
984891871
-1
-1
-1
-1
-1
-1
-1
-1
893931160
-1
-1
-1
-1
810048201
332464657
-1
-1
-1
860074452
561749151
-1
249960253
-1
480725344
108430285
-1
-1
170890855
-1
462185733
-1
255436708
-1
-1
190409977
-1
-1
-1
772407852
-1
-1
801776696
-1
-1
480462593
-1
-1
-1
-1
-1
327721991
994520631
-1
798913765
-1
898626275
-1
-1
196362583
-1
-1
-1
-1
-1
-1
-1
-1
407682675
-1
-1
107999324
-1
227413561
-1
-1
-1
368257058
361899832
65279086
-1
-1
-1
0
-1
-1
-1
-1
-1
52701396
-1
938451561
-1
-1
-1
-1
-1
-1
-1
34414329
-1
917446505
-1
-1
773089747
-1
-1
-1
-1
-1
-1
-1
666100002
-1
624688390
-1
254015607
766629175
-1
-1
-1
-1
-1
-1
-1
-1
-1
120174376
-1
-1
-1
-1
899904881
487375387
-1
764741328
-1
-1
-1
99625579
-1
-1
-1
-1
-1
-1
-1
202368509
0
-1
-1
-1
706514129
-1
314916773
-1
-1
-1
-1
-1
-1
-1
780719525
209164285
862997966
608105739
619114407
-1
-1
-1
-1
-1
-1
-1
272168604
-1
723097061
-1
-1
-1
99477861
668893076
-1
90357459
-1
645785256
-1
-1
-1
-1
-1
-1
335061683
-1
-1
-1
636762220
-1
-1
-1
-1
-1
-1
441047383
-1
-1
449023811
-1
703914387
-1
968476243
996605508
-1
-1
309509058
52567703
-1
928628556
-1
-1
-1
-1
-1
-1
0
-1
734051314
-1
-1
188318589
-1
31035000
-1
-1
-1
-1
-1
-1
330257805
-1
-1
209734229
884456218
-1
-1
-1
-1
-1
-1
-1
-1
-1
800800360
-1
-1
-1
364946821
0
-1
-1
487196187
930308978
-1
-1
-1
-1
-1
-1
340140593
-1
-1
-1
631148058
268204550
401171671
-1
-1
168829303
-1
-1
-1
-1
-1
-1
-1
-1
-1
0
-1
661890559
-1
-1
-1
-1
-1
-1
-1
-1
-1
-1
517236709
113525895
-1
-1
-1
-1
-1
-1
-1
-1
-1
-1
-1
-1
968051781
395276289
-1
-1
-1
-1
-1
-1
-1
-1
811228588
-1
887134021
-1
-1
-1
-1
-1
370459324
-1
-1
-1
-1
-1
109496255
-1
-1
-1
867652958
-1
-1
897447983
23505918
-1
-1
-1
-1
255132772
-1
-1
-1
-1
-1
-1
350421491
-1
-1
-1
-1
779388507
-1
-1
202537209
-1
-1
-1
-1
-1
-1
589854434
258639284
-1
555213786
