10 44 100
4 3 49146377 2
4 1 434181 2
8 5 13055085 2
10 2 55249236 2
6 5 90539978 2
7 6 63968763 2
9 7 75572117 1
10 1 50253793 1
4 3 1667067 2
10 10 34998278 1
6 9 21129606 2
10 10 80998426 1
1 7 75166550 1
4 8 40300886 2
10 7 72592448 2
10 5 5798315 2
8 3 95328536 1
3 4 50793527 1
5 7 8574515 2
9 4 84471214 2
2 1 43813744 2
8 2 98431468 2
2 7 83517960 2
8 7 47425490 1
7 9 19089540 2
4 8 19939399 1
7 2 14057113 2
5 6 86210884 1
8 2 20710963 1
9 2 28423995 2
2 2 98413063 1
1 9 21585749 2
5 6 80967322 1
3 10 18452448 2
5 6 60814609 2
4 2 76168892 2
9 4 37790339 1
9 2 77279785 1
2 1 12249961 1
6 5 78971858 2
2 5 6529782 1
1 3 86504081 2
8 6 85062855 1
3 7 69326269 2
8 7
1 10
2 6
3 1
10 6
6 6
10 9
6 9
4 1
8 1
9 1
7 10
7 1
8 8
8 4
5 3
4 2
6 4
8 10
2 4
5 7
8 5
1 2
6 5
4 3
7 7
6 8
3 7
10 4
9 2
6 2
7 2
4 4
7 8
6 3
4 9
5 1
10 1
8 6
1 7
9 8
9 9
10 5
3 6
8 2
3 2
2 5
9 10
6 7
10 3
5 2
1 5
4 8
1 8
7 5
10 7
7 6
9 7
3 8
2 3
2 10
7 3
5 4
1 3
2 7
10 2
4 10
2 2
9 4
2 9
2 8
8 9
5 8
3 5
3 4
1 1
7 4
8 3
5 6
3 9
6 1
1 9
10 8
1 4
5 10
1 6
9 6
9 3
4 5
2 1
3 10
4 7
3 3
6 10
5 9
4 6
10 10
5 5
9 5
7 9
