10 50 100
1 2 28448202 1
2 3 94752369 2
3 4 6965437 1
4 5 42744902 2
5 1 7560126 1
5 6 75090662 2
6 7 8843627 2
7 8 69061140 2
8 9 64249326 2
9 10 57690728 2
7 6 3614271 2
8 7 56083883 1
8 1 85146222 1
10 8 86550075 2
10 3 56872598 1
10 1 76242267 1
10 1 92672933 1
8 4 61448706 2
10 1 26910058 2
7 1 55713387 1
10 5 76734482 1
6 2 94010597 1
7 6 57383107 2
8 3 36993407 1
10 4 79254364 2
10 9 8449228 1
10 7 21988152 1
7 7 46837120 2
6 4 30497390 1
6 1 64082795 2
9 4 15122265 1
10 10 34219986 2
10 2 49058658 1
8 1 77929649 2
9 3 15359332 1
10 5 98416950 2
7 5 27375431 2
10 1 68812572 1
6 5 16442015 2
6 2 91866847 2
7 2 81031919 2
8 5 54861272 2
10 2 81268769 1
10 3 98965870 1
6 3 85354514 1
9 2 68872100 1
6 1 14327916 1
10 3 61961726 1
9 6 68320457 1
9 8 76935361 1
6 2
5 7
9 7
1 6
2 1
7 5
10 3
4 6
8 4
6 10
1 3
10 9
9 6
8 7
3 4
3 7
8 2
1 8
4 7
1 5
9 8
5 4
3 2
8 8
7 7
2 9
3 6
7 2
1 7
5 6
7 3
8 6
6 1
4 5
10 5
1 10
6 6
3 3
5 3
4 4
9 2
8 3
1 1
5 5
4 1
8 1
4 2
10 1
3 1
7 10
9 5
7 6
1 4
10 6
6 9
9 3
2 8
4 8
2 5
8 9
5 1
2 2
9 1
1 9
3 10
3 8
6 8
2 4
9 4
4 10
7 8
7 4
10 2
6 5
5 10
7 1
7 9
2 6
10 8
10 10
6 3
8 10
3 5
6 4
1 2
3 9
9 10
5 9
5 2
10 7
4 3
9 9
10 4
2 7
2 3
8 5
2 10
4 9
6 7
5 8
