989
424 220 1
136 424 1
145 136 0
750 145 0
938 750 0
307 938 0
333 307 1
942 333 0
156 942 1
815 156 0
897 815 0
4 897 0
745 4 1
861 745 0
973 861 1
979 973 0
230 979 0
46 230 1
477 46 0
669 477 0
462 669 0
93 462 0
794 93 0
654 794 1
406 654 1
660 406 0
857 660 1
526 857 0
684 526 0
757 684 0
115 757 0
64 115 0
192 64 1
705 192 1
107 705 1
231 107 1
254 231 0
167 254 0
693 167 0
838 693 0
909 838 1
77 909 1
665 77 1
773 665 1
826 773 1
257 826 1
603 257 1
165 603 1
51 165 1
433 51 0
917 433 1
886 917 1
268 886 0
812 268 1
690 812 0
470 690 0
730 470 0
375 730 1
691 375 1
552 691 1
546 552 1
488 546 0
320 488 1
803 320 1
91 803 1
79 91 0
852 79 1
891 852 1
977 891 0
634 977 1
222 634 0
807 222 0
710 807 1
22 710 0
197 22 1
142 197 0
554 142 0
391 554 0
530 391 1
759 530 1
173 759 1
851 173 1
114 851 1
448 114 0
623 448 1
26 623 0
458 26 1
717 458 0
713 717 0
872 713 1
786 872 0
696 786 0
216 696 0
870 216 1
842 870 1
274 842 0
395 274 0
970 103 1
723 970 1
23 723 0
694 23 0
461 694 0
981 461 0
746 981 1
605 746 0
571 605 1
569 571 0
30 569 0
624 30 0
783 624 1
899 783 0
239 899 1
551 239 0
351 551 0
176 351 1
828 176 0
278 828 0
570 278 0
889 570 0
972 889 0
781 972 1
101 781 1
398 101 0
243 398 1
150 243 0
150 395 1
518 150 0
784 518 0
945 784 0
178 945 0
855 178 1
420 855 1
514 420 1
742 514 1
25 742 0
224 25 0
485 224 0
790 485 0
289 790 1
414 289 1
262 414 1
38 262 1
548 38 1
718 548 1
263 718 1
131 263 1
106 131 1
676 106 0
850 676 1
299 850 1
81 299 0
332 81 1
301 332 0
313 301 0
706 313 0
191 706 1
195 191 1
716 195 1
555 716 1
311 555 0
428 311 1
473 428 1
217 473 1
681 217 0
765 681 1
699 765 1
297 699 0
209 297 1
506 209 0
412 506 0
148 412 1
33 148 0
312 33 1
407 312 0
612 407 0
533 612 0
319 533 1
986 319 1
521 986 1
567 521 1
235 567 1
385 235 0
593 385 1
154 593 0
366 154 1
951 366 0
854 951 0
403 854 1
306 403 0
188 306 0
864 188 0
234 864 1
88 234 1
19 88 0
379 19 0
42 379 1
184 42 0
210 626 1
727 210 1
50 727 0
987 50 0
410 987 0
640 410 0
207 640 1
515 207 0
848 515 1
598 848 0
722 598 0
465 722 0
337 465 1
138 337 0
955 138 1
344 955 0
221 344 0
140 221 1
144 140 0
369 144 0
89 369 0
820 89 0
388 820 0
577 388 1
498 577 1
586 498 0
321 586 1
47 321 0
953 47 0
308 953 0
709 308 0
923 709 0
67 923 1
9 67 1
801 9 1
368 801 1
739 368 0
547 739 0
212 547 0
847 212 0
633 847 1
615 633 1
27 615 1
244 27 1
966 244 1
471 966 1
451 471 1
497 451 1
371 497 1
199 371 0
589 199 1
363 589 1
127 363 0
456 127 1
163 456 0
771 163 0
517 771 0
879 517 1
139 879 1
318 139 1
256 318 1
464 256 0
162 464 1
813 162 1
472 813 1
602 472 0
449 602 1
661 449 1
253 661 0
984 253 1
597 984 0
476 597 0
566 476 1
752 566 0
392 752 1
117 392 0
251 117 0
797 251 0
509 797 1
153 509 1
529 153 1
637 529 1
168 637 1
956 168 0
179 956 1
906 179 0
291 906 1
266 291 0
135 266 0
293 135 1
631 293 0
133 631 0
737 133 0
778 737 1
831 778 1
641 831 0
582 641 0
32 582 1
245 32 0
393 155 1
677 393 1
338 677 0
54 338 0
648 54 0
712 648 0
793 712 1
11 793 0
695 11 1
109 695 0
85 109 0
48 85 0
952 48 1
475 952 0
468 475 1
409 468 0
160 409 0
252 160 1
755 252 0
843 755 0
37 843 0
373 37 0
211 373 0
821 211 1
642 821 1
894 642 0
964 894 1
285 964 0
935 285 0
218 935 0
800 218 0
126 800 0
841 126 1
819 841 1
911 819 1
20 911 1
698 20 0
493 698 0
429 493 0
761 429 0
866 761 1
57 866 1
316 57 1
479 316 1
542 479 1
63 542 1
877 63 1
512 877 1
982 512 1
102 982 0
545 102 1
482 545 1
276 482 0
330 276 1
292 330 0
455 292 0
484 455 0
988 484 1
267 988 1
683 267 1
928 683 1
323 928 0
84 323 1
950 84 1
260 950 1
390 260 0
858 390 1
372 858 1
522 372 0
259 522 1
431 259 0
574 431 0
540 574 1
445 540 0
164 445 1
714 164 0
804 714 0
792 804 0
822 792 1
501 822 1
780 501 1
31 780 1
128 31 1
170 128 0
208 170 1
575 208 0
884 575 1
668 884 0
120 668 0
675 120 1
35 675 0
916 35 0
664 916 0
340 664 1
688 340 1
214 688 0
934 214 0
601 934 1
613 601 0
736 273 1
835 736 1
686 835 0
104 686 0
283 104 0
625 283 0
354 625 1
280 354 0
725 613 0
725 280 1
317 725 0
763 317 0
237 763 0
824 237 1
238 824 0
511 238 1
700 511 0
73 700 0
563 73 1
121 563 0
532 121 0
439 532 0
588 439 0
560 588 0
169 560 1
249 169 1
882 249 0
200 882 1
172 200 0
381 172 0
61 381 0
279 61 0
968 279 0
56 968 1
808 56 1
434 808 1
711 434 1
829 711 0
701 829 0
606 701 0
201 606 0
467 201 1
180 467 1
36 180 1
896 36 1
738 896 1
232 738 1
721 232 1
181 721 1
818 181 1
830 818 0
92 830 1
151 92 1
314 151 0
596 314 1
87 596 0
806 87 0
740 806 0
876 740 1
655 876 1
622 655 1
328 622 1
469 328 0
98 469 1
361 98 1
246 361 1
423 246 0
502 423 1
834 502 1
341 834 0
193 341 1
550 193 0
756 550 0
5 756 1
816 5 0
382 816 1
440 382 0
770 440 0
16 770 0
965 16 1
595 965 1
505 595 1
893 505 1
890 893 1
334 890 0
936 334 1
921 936 0
832 921 1
443 832 0
811 443 0
125 811 1
422 125 0
892 422 0
639 892 0
496 639 1
568 496 1
349 568 0
895 349 0
875 895 1
427 875 0
976 943 1
203 976 1
457 203 0
776 457 0
183 776 0
905 183 0
744 905 1
944 744 0
638 944 1
241 638 0
908 241 0
118 908 0
100 118 1
481 100 0
45 481 1
915 45 0
229 915 0
904 229 1
659 904 0
483 659 0
205 483 0
394 205 0
53 394 0
29 53 1
645 29 1
335 645 0
666 335 1
519 666 0
358 519 0
608 358 0
827 608 0
70 827 0
288 70 1
474 288 1
731 474 1
490 731 1
647 490 0
971 647 0
508 971 0
415 508 0
795 415 1
494 795 1
261 494 1
10 261 1
880 10 1
39 880 1
453 39 1
697 453 1
646 697 1
325 646 0
242 325 1
865 242 1
97 865 0
194 97 1
269 194 0
849 269 0
444 849 0
43 444 1
383 43 1
6 383 1
454 6 1
538 454 0
71 538 1
610 71 1
954 610 1
581 954 0
559 581 1
762 559 1
425 762 0
720 425 1
617 720 0
302 617 0
124 302 1
787 124 0
113 787 1
628 113 0
359 628 0
401 359 0
49 401 1
562 427 0
562 49 1
853 562 1
399 853 1
204 399 1
629 204 0
290 629 1
149 290 0
417 149 1
614 417 0
219 614 0
543 219 1
520 543 0
635 520 0
913 635 0
189 913 1
667 189 1
129 134 1
442 129 1
491 442 0
702 491 0
111 702 0
768 111 0
578 768 1
72 578 0
380 72 1
171 380 0
556 171 0
228 556 0
303 228 1
389 303 0
233 389 1
630 233 0
888 630 0
411 888 1
161 411 0
844 161 0
342 844 0
510 342 0
561 510 0
141 561 1
435 141 1
187 435 0
65 187 1
336 65 0
400 336 0
248 400 0
785 248 0
580 785 0
130 580 1
839 130 1
436 245 0
436 839 1
611 436 1
707 611 0
779 707 0
933 779 0
418 933 0
158 418 1
13 158 1
810 13 1
748 810 1
367 748 1
651 367 1
590 651 1
798 590 1
28 798 1
662 28 0
112 662 1
600 112 1
286 600 0
772 286 1
918 772 0
948 918 0
15 948 0
557 15 1
653 557 1
609 653 1
809 609 1
364 809 0
58 364 1
460 58 1
775 460 1
324 775 0
105 324 1
157 105 1
903 157 0
527 903 1
572 527 0
225 572 0
82 225 1
845 82 0
878 845 1
503 878 0
616 503 0
480 616 0
74 480 1
652 74 1
618 652 1
753 618 1
862 753 1
749 862 0
927 749 1
348 927 0
728 348 1
271 728 0
356 271 0
537 356 1
277 537 0
919 277 0
549 919 0
3 549 1
587 3 1
376 587 0
255 376 0
80 255 1
840 80 0
174 619 1
18 174 1
123 18 0
536 123 0
430 536 0
871 430 0
767 871 1
438 767 0
869 438 1
910 869 0
75 910 0
2 75 0
370 2 1
14 370 0
357 14 1
777 357 0
573 777 0
764 573 1
604 764 0
758 604 0
817 758 0
202 817 0
78 202 0
478 78 1
937 478 1
24 937 0
119 24 1
419 119 0
362 419 0
860 362 0
487 860 0
946 487 0
147 946 1
931 147 1
62 931 1
673 840 0
673 62 1
788 673 0
247 788 0
983 247 0
331 983 0
766 331 1
94 766 1
386 94 1
55 386 1
774 55 1
343 774 1
632 343 1
405 632 1
196 405 1
327 196 0
76 327 1
182 76 1
122 182 0
7 122 1
116 7 0
34 116 0
408 34 0
734 408 1
579 734 1
791 579 1
250 791 1
446 250 0
685 446 1
146 685 1
649 146 1
796 649 0
213 796 1
287 213 1
504 287 0
947 504 1
885 947 0
883 885 0
447 883 1
295 447 0
326 295 1
814 326 0
846 814 0
12 846 0
802 12 1
585 802 1
607 585 1
592 607 1
726 592 1
922 726 0
66 922 1
190 66 0
347 190 1
353 347 0
541 353 0
594 541 1
960 594 0
564 960 0
531 564 0
272 553 1
528 272 1
275 528 0
8 275 0
650 8 0
940 650 0
704 940 1
495 704 0
486 495 1
339 486 0
397 339 0
584 397 0
284 584 1
825 284 0
565 825 1
223 565 0
322 223 0
539 322 1
679 539 0
492 679 0
227 492 0
500 227 0
789 500 0
143 789 1
703 143 1
920 703 0
962 920 1
396 962 0
656 396 0
751 656 0
215 751 0
989 215 0
856 989 1
69 856 1
68 69 1
52 68 1
450 52 0
901 450 0
305 901 0
95 305 0
836 95 1
413 836 1
206 413 1
735 206 1
387 735 1
833 387 1
719 833 1
309 719 1
859 309 1
657 859 0
978 657 1
678 978 1
743 678 0
980 743 1
236 980 0
670 236 0
732 670 0
110 732 1
300 110 1
374 300 1
974 374 1
591 974 0
384 591 1
96 384 1
270 96 1
108 270 0
21 108 1
41 21 1
715 41 0
674 184 0
674 715 1
729 674 0
941 729 0
873 941 1
265 873 0
969 265 1
863 969 0
525 863 0
315 525 0
258 315 1
636 258 1
507 636 1
733 507 1
708 733 1
682 708 0
83 682 1
925 83 0
620 925 1
963 620 0
59 963 0
939 59 1
671 939 0
240 671 0
924 240 0
689 924 1
599 689 1
350 599 0
175 350 0
975 175 1
985 975 0
264 416 1
152 264 1
137 152 0
837 137 0
769 837 0
360 769 0
523 667 0
523 360 1
432 523 0
621 432 1
489 621 0
296 489 0
402 296 0
535 402 1
534 535 0
99 534 1
226 99 0
583 226 0
437 583 1
902 437 0
957 902 0
185 957 0
867 185 0
912 867 0
874 985 0
874 912 1
426 874 1
558 426 0
329 558 1
881 329 0
345 881 0
304 345 0
799 304 0
466 799 0
310 466 1
961 310 1
44 961 1
741 44 1
421 741 0
782 421 0
692 782 0
346 692 0
898 346 1
90 898 1
40 90 1
166 40 1
680 166 1
516 680 1
86 516 1
60 86 1
452 60 1
159 452 0
377 159 1
404 377 1
823 404 0
930 823 1
281 930 0
643 281 0
958 643 0
365 958 1
754 365 1
627 754 1
932 627 1
282 932 0
294 282 1
760 294 1
499 760 1
355 499 0
672 355 1
926 672 1
907 926 0
914 907 1
463 914 0
900 463 0
967 900 1
378 967 0
868 378 1
524 868 0
298 524 0
959 298 0
747 959 1
805 747 1
949 805 1
132 949 1
576 132 1
929 576 0
644 929 1
663 644 0
663 531 1
177 663 1
17 177 0
459 17 0
544 459 1
658 544 0
887 658 0
186 887 0
352 186 1
198 352 1
724 198 0
687 724 0
513 687 1
441 513 0
1 441 0
100
0 0 1 0 0 1 1 0 0 0 1 0 0 1 0 1 0 1 1 1 1 1 0 0 0 1 0 1 0 0 1 0 1 1 0 1 1 1 0 1 1 1 1 0 0 0 1 0 1 1 0 1 1 1 1 1 1 1 1 1 0 0 0 0 1 1 1 1 0 0 0 0 0 1 0 1 1 0 0 0 0 0 1 0 0 1 0 1 0 0 0 1 0 1 0 0 0 0 1 1
