1000
1 331 0
1 162 1
331 458 0
331 570 1
162 168 0
162 754 1
458 940 0
458 231 1
570 772 0
570 375 1
168 196 0
168 903 1
754 692 0
754 823 1
231 847 0
231 156 1
772 632 0
772 576 1
375 512 0
375 208 1
196 105 0
196 530 1
903 244 0
903 405 1
692 142 0
692 374 1
823 602 0
823 242 1
847 23 1
156 765 1
632 649 0
632 41 1
576 376 0
576 771 1
512 472 0
512 668 1
208 891 0
208 377 1
105 845 0
105 14 1
530 726 0
530 705 1
244 466 0
244 971 1
405 482 0
405 70 1
142 419 0
142 165 1
374 483 0
374 123 1
602 17 0
602 96 1
242 911 0
242 309 1
23 267 1
765 552 1
649 575 0
649 206 1
41 699 0
41 657 1
376 299 0
376 813 1
771 979 0
771 355 1
472 221 0
668 806 0
668 626 1
891 767 0
891 387 1
377 243 0
377 934 1
845 11 0
845 213 1
726 920 0
726 185 1
705 586 1
466 572 0
466 656 1
971 778 0
971 583 1
482 654 0
482 590 1
70 487 0
70 1000 1
419 795 0
419 611 1
165 476 0
165 597 1
483 66 0
483 161 1
123 103 0
123 591 1
17 551 0
17 596 1
96 578 0
96 663 1
309 525 0
309 863 1
552 145 0
575 459 1
206 825 0
206 385 1
699 988 0
699 164 1
657 163 1
299 21 0
299 250 1
813 846 1
979 393 1
355 624 1
221 223 0
806 104 0
806 263 1
626 245 0
243 118 0
243 116 1
934 653 1
11 186 0
11 565 1
213 840 0
213 136 1
920 566 1
586 639 0
572 19 0
572 737 1
656 659 0
656 607 1
778 124 0
778 790 1
583 95 1
654 859 0
654 160 1
590 681 0
590 480 1
487 972 0
487 5 1
1000 686 0
1000 274 1
795 917 1
611 207 0
611 214 1
476 172 0
597 501 0
597 741 1
66 188 0
66 928 1
161 428 0
161 139 1
103 623 0
103 451 1
591 994 0
591 669 1
578 915 0
578 7 1
663 210 0
663 697 1
525 715 0
525 658 1
863 91 1
459 634 0
825 956 0
385 543 0
385 839 1
988 564 0
988 87 1
164 49 0
164 909 1
163 158 0
163 321 1
21 842 0
21 382 1
250 931 0
250 443 1
393 402 0
223 990 0
223 305 1
104 628 0
104 364 1
263 975 0
263 227 1
245 32 1
118 798 0
118 316 1
653 317 1
136 869 0
136 510 1
566 54 0
566 927 1
639 362 1
19 93 0
737 352 0
737 732 1
659 874 0
659 620 1
607 190 0
607 513 1
124 150 0
124 217 1
790 773 1
95 502 0
95 883 1
859 604 0
859 474 1
160 494 1
681 73 0
681 394 1
480 899 0
480 485 1
972 497 0
972 203 1
5 580 0
5 725 1
686 222 1
274 306 0
274 148 1
917 744 0
917 272 1
214 998 0
214 304 1
172 505 1
501 357 0
501 511 1
741 55 0
741 170 1
188 708 1
928 40 0
428 618 1
623 330 1
451 995 0
994 838 0
994 15 1
669 26 0
915 672 0
915 758 1
7 212 0
7 947 1
210 311 0
210 358 1
715 516 0
715 807 1
658 413 1
956 278 0
956 833 1
839 64 0
839 627 1
564 25 1
87 252 0
87 904 1
909 297 1
158 500 0
321 266 0
321 562 1
842 431 0
842 761 1
931 439 1
443 817 0
443 961 1
990 410 0
305 134 1
628 722 0
628 695 1
364 612 0
975 490 0
975 776 1
227 603 0
227 757 1
32 77 0
32 987 1
798 531 0
798 175 1
316 945 0
316 174 1
317 182 0
317 895 1
869 52 0
869 721 1
54 192 0
54 785 1
927 884 1
362 176 0
362 518 1
352 685 1
732 438 0
732 356 1
874 155 0
874 264 1
620 259 0
620 666 1
190 584 0
190 841 1
513 885 0
150 636 0
150 908 1
217 427 0
217 993 1
773 420 0
773 693 1
883 910 0
883 559 1
604 171 0
604 270 1
474 782 0
494 814 0
494 631 1
73 113 0
73 369 1
394 152 0
394 702 1
899 119 0
899 138 1
497 637 0
497 280 1
203 783 0
203 336 1
580 966 0
580 780 1
725 435 1
148 943 1
744 595 0
272 935 0
272 925 1
304 709 0
304 333 1
505 837 0
505 532 1
357 401 0
511 257 0
55 76 1
170 442 0
170 781 1
708 729 0
708 816 1
330 851 0
330 475 1
995 926 0
995 957 1
672 371 0
672 829 1
758 929 0
212 830 0
212 664 1
947 944 0
311 225 0
311 514 1
358 99 0
358 233 1
413 821 1
278 587 1
64 720 1
627 801 0
627 262 1
25 71 1
252 201 0
252 464 1
904 774 1
266 856 0
266 853 1
562 589 0
562 731 1
431 496 1
761 347 0
761 707 1
439 876 0
439 434 1
817 189 0
817 723 1
961 803 0
961 819 1
410 47 1
722 12 0
722 454 1
695 521 1
776 324 0
776 951 1
603 456 0
757 717 1
77 897 0
987 646 0
531 651 0
531 379 1
175 535 0
175 204 1
945 120 0
945 804 1
174 992 0
174 33 1
192 585 0
785 143 0
884 101 0
884 129 1
685 777 0
685 237 1
438 254 0
356 478 1
155 953 0
155 453 1
264 547 0
264 797 1
259 187 0
259 713 1
666 678 0
666 973 1
584 386 0
841 568 0
841 216 1
636 850 1
427 286 0
427 293 1
420 879 0
420 503 1
693 125 0
693 900 1
910 985 0
910 751 1
559 694 0
559 864 1
270 341 0
270 857 1
782 598 0
631 642 0
113 248 0
113 660 1
369 432 0
369 613 1
152 942 0
152 323 1
119 224 0
119 791 1
138 56 0
138 88 1
280 892 0
280 450 1
783 670 0
783 421 1
336 256 0
336 348 1
966 812 0
966 141 1
780 794 0
780 898 1
435 373 0
943 508 1
595 735 1
709 571 1
532 308 0
401 277 1
76 648 0
442 836 0
442 539 1
781 933 1
851 72 1
475 51 1
829 126 0
829 276 1
830 759 0
830 81 1
664 755 1
944 183 0
225 522 0
514 724 1
99 677 0
99 855 1
233 13 0
587 747 0
587 652 1
720 389 0
720 361 1
801 696 0
801 800 1
201 465 0
201 610 1
464 68 0
464 667 1
774 889 0
856 122 0
853 558 0
853 740 1
589 493 0
589 283 1
496 460 1
434 433 1
189 946 0
189 57 1
723 400 0
723 605 1
819 662 0
12 53 0
12 380 1
521 102 1
324 488 1
951 74 0
951 234 1
717 542 1
646 862 1
651 392 0
651 339 1
379 728 0
379 30 1
535 996 1
204 906 0
204 689 1
120 205 0
120 110 1
804 749 0
804 193 1
33 473 0
33 470 1
143 691 1
101 345 0
129 738 0
129 499 1
777 230 0
777 581 1
237 354 0
237 83 1
254 896 1
478 343 0
953 647 0
953 792 1
453 455 0
453 835 1
547 28 0
547 881 1
797 444 0
797 109 1
187 753 1
713 515 0
713 287 1
678 949 0
678 703 1
386 517 1
568 61 1
216 260 0
216 479 1
850 219 1
286 948 0
293 133 0
293 2 1
879 882 0
900 200 0
985 600 0
751 592 0
751 569 1
694 468 1
864 412 0
598 310 1
248 447 0
660 177 1
432 706 0
613 211 0
613 922 1
942 449 1
791 866 1
88 157 1
450 65 0
450 665 1
421 326 0
421 79 1
256 918 0
256 868 1
348 9 0
348 445 1
794 461 1
898 787 0
508 291 0
508 351 1
571 766 1
836 146 0
836 346 1
539 360 0
933 328 1
72 902 1
51 195 1
276 365 1
759 719 0
759 661 1
755 44 1
724 650 0
724 298 1
677 16 1
13 745 0
13 255 1
389 644 1
361 843 0
361 519 1
465 916 0
465 100 1
610 441 0
68 239 0
68 135 1
667 18 1
889 750 1
122 688 0
122 4 1
558 981 0
558 50 1
740 403 0
493 991 0
493 334 1
605 151 0
380 954 0
488 319 1
74 366 0
74 132 1
234 958 0
234 536 1
862 789 0
728 491 1
30 704 0
30 378 1
906 437 0
689 913 1
205 416 1
110 507 0
749 939 1
193 932 0
738 676 0
499 426 0
354 986 1
83 919 0
647 700 0
647 39 1
792 448 0
792 619 1
455 872 0
455 965 1
835 38 0
835 873 1
28 67 0
28 556 1
881 680 0
881 763 1
444 878 0
109 147 0
109 282 1
753 48 1
515 60 0
287 20 1
949 368 0
949 832 1
517 712 0
61 960 1
260 8 0
479 82 0
219 10 1
948 35 0
948 301 1
133 629 0
133 788 1
2 59 1
882 974 0
882 675 1
200 716 0
600 831 0
600 775 1
592 555 0
592 381 1
569 97 0
569 265 1
468 534 1
412 191 1
447 215 0
706 614 0
706 363 1
211 418 0
211 811 1
449 748 1
866 295 0
866 34 1
157 58 0
157 901 1
65 533 0
65 826 1
326 978 0
326 756 1
79 582 0
918 486 0
868 184 0
868 232 1
461 137 0
291 128 1
351 674 1
346 573 1
328 540 0
328 860 1
719 75 0
661 111 1
650 89 0
650 226 1
298 31 1
16 42 1
255 423 0
519 621 1
916 329 0
916 762 1
100 608 0
441 367 1
135 417 0
135 398 1
18 567 1
750 391 1
688 822 0
4 29 1
981 404 0
981 907 1
50 397 1
334 701 0
151 545 1
366 271 1
132 617 0
132 154 1
958 390 0
958 690 1
536 322 0
491 764 0
491 560 1
437 615 0
437 251 1
416 46 1
939 865 0
932 325 0
700 799 0
700 967 1
39 238 0
39 964 1
448 220 0
619 342 0
872 962 0
872 529 1
965 557 0
965 24 1
38 273 1
873 893 0
873 281 1
67 858 1
680 977 0
763 430 0
878 69 1
147 593 0
147 340 1
282 436 0
282 495 1
48 289 0
48 179 1
368 202 0
368 114 1
832 852 0
832 249 1
8 609 1
35 409 1
629 760 0
788 599 0
675 921 1
555 520 1
381 90 1
97 810 0
97 6 1
265 671 0
265 638 1
534 414 0
534 178 1
614 867 0
748 888 1
295 739 0
295 768 1
58 509 0
901 406 1
533 673 1
978 684 0
756 809 0
582 247 1
486 467 0
486 198 1
184 861 0
184 167 1
232 793 1
128 844 1
674 537 1
89 446 0
226 296 1
31 127 1
608 950 0
608 279 1
367 62 1
398 411 1
404 294 1
701 477 0
701 140 1
271 353 1
690 999 0
322 989 0
615 730 0
251 980 0
251 983 1
46 561 0
865 27 1
799 327 0
967 848 1
238 734 1
964 395 0
964 886 1
220 955 0
342 159 0
962 752 0
962 828 1
529 770 1
557 679 0
557 526 1
24 22 0
24 854 1
273 396 0
273 112 1
893 115 0
893 332 1
281 144 0
281 383 1
858 218 0
858 313 1
977 261 0
430 970 1
69 890 1
593 997 0
340 194 0
436 553 1
495 952 1
289 349 0
179 181 1
114 635 1
852 372 0
520 235 0
520 548 1
90 318 0
6 107 0
638 307 0
867 407 0
509 544 1
406 481 0
684 370 0
684 645 1
167 63 0
167 622 1
793 588 0
793 875 1
537 912 0
296 779 0
296 930 1
127 541 1
950 714 0
950 969 1
279 968 1
411 37 0
411 300 1
989 682 1
730 169 1
980 388 1
983 36 0
561 229 1
27 498 1
327 550 0
327 462 1
734 268 0
734 579 1
395 523 1
955 849 0
955 492 1
159 549 0
159 240 1
752 130 0
828 796 1
770 45 1
679 834 1
526 870 0
526 344 1
22 302 0
22 937 1
854 711 0
854 173 1
115 236 0
115 641 1
332 241 0
332 538 1
144 131 0
144 784 1
313 303 1
261 687 0
970 166 0
890 253 0
997 149 1
553 228 0
952 292 0
635 698 1
235 284 1
481 117 0
370 616 0
370 209 1
645 338 0
645 574 1
63 742 0
63 489 1
622 818 0
622 106 1
588 285 0
588 894 1
912 718 1
300 736 1
169 290 0
550 399 1
462 269 0
462 471 1
268 258 0
130 643 1
834 422 0
834 746 1
870 425 1
344 288 1
302 546 0
302 469 1
173 359 0
173 335 1
236 463 0
641 984 1
241 92 0
241 808 1
538 606 0
538 805 1
131 563 1
784 655 0
784 312 1
687 153 0
687 337 1
698 320 0
574 786 0
574 484 1
742 84 0
489 350 1
818 905 0
285 440 1
736 98 0
399 936 0
399 815 1
269 197 0
269 941 1
643 94 0
422 180 0
422 506 1
425 452 1
546 424 0
546 683 1
359 601 1
335 80 1
984 408 0
92 914 0
606 43 1
805 594 0
805 820 1
655 415 0
312 963 1
153 85 0
337 880 0
337 710 1
905 199 1
815 528 1
197 924 0
94 802 0
94 524 1
180 504 0
180 887 1
506 982 1
683 938 1
601 429 0
601 633 1
80 877 1
914 871 0
594 384 0
594 315 1
528 246 1
504 625 1
938 824 1
429 554 1
633 976 0
633 86 1
877 314 0
877 630 1
384 78 0
384 923 1
315 3 1
246 121 1
976 640 0
86 108 0
314 959 0
630 733 1
78 727 0
78 827 1
121 577 1
959 527 0
727 769 0
827 457 0
769 275 0
457 743 1
400
1 1 0 1 0 1 1 0 0 1 1 0 1 1 0 0 0 0 0 0 0 1 0 1 1 0 1 1 0 0 0 0 0 0 1 0 1 1 0 1 1 0 1 0 1 1 1 0 1 1 1 1 0 1 1 0 1 1 1 0 0 1 0 1 1 1 1 0 0 0 0 0 1 1 0 1 1 1 1 1 1 1 1 1 0 1 1 0 1 0 0 1 1 1 0 0 0 0 1 0 1 0 0 0 1 0 0 1 1 1 1 1 0 1 0 1 0 0 0 0 0 1 0 0 1 0 0 1 1 0 0 1 1 0 1 0 1 1 0 1 1 1 1 1 0 1 0 0 0 0 0 1 0 0 1 0 1 1 0 0 1 1 0 0 1 1 1 1 1 0 1 1 1 0 1 0 0 1 0 0 1 0 0 1 0 0 0 0 0 0 0 1 0 1 1 1 0 1 0 0 0 1 1 1 1 1 0 0 1 0 1 1 0 1 1 1 1 0 0 0 0 1 0 0 1 1 0 1 0 0 1 0 1 1 1 1 1 0 1 1 1 0 0 0 1 1 1 1 1 1 1 0 0 0 1 0 1 0 0 0 1 1 1 0 0 0 0 1 0 1 0 0 1 0 1 1 0 0 1 1 0 0 1 1 0 1 1 1 0 0 1 0 1 1 0 0 1 1 0 1 0 0 1 0 1 1 0 0 0 0 1 0 1 0 1 0 0 0 1 0 0 0 1 0 1 0 0 0 0 1 1 0 0 1 1 1 1 1 0 1 0 0 1 1 0 0 0 1 1 0 1 1 0 1 1 1 0 0 0 1 1 0 1 0 1 0 1 1 0 0 1 0 0 1 1 1 1 0 0 0 0 0 1 0 1 0 0 1 0 0 0 1 0 0 1 0 1 0 1 1
