2000 2000 620822528
866
464
1855
280
312
1909
287
1285
266
416
436
821
616
331
285
1187
410
1742
1380
1301
1157
150
1092
1678
588
1936
676
1005
1140
889
605
282
1657
177
457
1135
745
113
1904
77
1884
1226
1138
1868
825
1311
1693
140
1690
95
1261
799
1283
1039
413
1161
659
692
1047
1568
1532
1256
882
935
1315
720
225
406
178
615
327
147
1969
2000
784
1707
138
12
810
1429
691
257
1970
754
1538
1390
801
1011
1984
577
1430
1341
1837
1242
1091
785
355
129
1935
971
1800
1749
1510
289
1600
824
1146
878
1516
1030
948
1662
567
216
1629
448
1177
1216
1736
390
1951
1883
1986
949
1943
1056
1765
342
1003
872
76
1911
628
677
248
1637
1763
1108
835
1721
1924
509
1041
1036
145
1589
43
1074
1699
1843
1363
1833
303
1689
867
1719
206
1871
164
1062
1609
989
1066
194
1275
916
1557
1776
805
1095
639
491
1286
1180
1419
481
1240
1350
96
1164
1731
444
1212
1566
1615
670
1728
850
396
1130
209
1903
1892
476
1252
1270
203
1243
1377
1799
1611
126
374
749
283
505
1895
1495
583
726
463
846
1697
1878
299
1058
888
232
185
1709
544
731
1664
1929
781
1948
494
1016
240
1201
394
980
776
1814
970
851
1705
803
1844
847
402
297
520
1333
1026
1442
19
1745
445
1344
1715
1530
433
87
874
1276
153
1010
111
1841
146
1392
1977
1378
64
136
141
1131
836
710
1465
195
28
1802
723
1215
1500
1518
118
1144
590
1202
459
854
894
532
578
1910
1515
1644
959
1207
777
1764
38
36
1897
1471
559
678
180
427
912
59
386
1912
849
373
72
1810
929
1280
1339
472
1451
1962
698
718
1916
1915
1324
1155
173
528
1059
1546
1509
1167
1950
1370
1220
816
1488
716
42
1009
658
994
432
115
456
1072
515
54
582
174
829
439
780
537
1197
804
1735
538
787
105
197
1961
1312
1663
1356
1675
895
249
938
47
1156
795
10
1700
1746
643
525
142
1993
1741
1484
1798
1618
779
1528
1028
1809
1847
336
14
1221
69
1313
1103
640
1376
663
1325
1606
1608
1061
1477
1968
404
1427
1598
1345
1213
419
1724
1417
349
102
1877
63
1306
1730
974
1787
124
333
1687
752
1436
773
1120
151
1211
519
1073
600
1104
1550
272
161
1863
1792
1972
499
915
1755
260
1995
1823
68
822
1831
1351
1015
1290
1124
486
524
360
1889
844
570
772
30
1946
1472
1160
1698
1473
1826
181
705
984
860
300
1045
1382
1980
1973
1503
1514
200
1469
1450
1279
1415
243
128
1947
1090
1407
672
1982
845
1931
946
1080
671
350
1453
171
6
309
724
507
1284
1097
1295
114
290
11
1487
41
1178
1000
622
1222
631
1490
214
904
1404
576
1788
1106
130
1409
1647
1413
826
409
1551
1185
1105
1437
1300
1864
1861
99
861
1474
1850
450
357
1816
1024
1872
937
1587
665
220
1496
1753
199
627
675
1203
315
1674
1134
377
794
759
797
931
250
988
896
625
1482
612
1019
1291
1562
668
852
1084
485
1448
1601
347
521
1939
1293
1549
163
685
242
1928
997
771
1052
1444
34
898
572
699
270
1779
1659
1424
366
1907
568
314
581
1537
1489
1594
586
1004
1418
657
1979
1174
1643
1063
514
1264
20
1578
1729
1919
1744
311
533
1362
1822
1439
693
571
1791
1634
1292
506
1544
597
369
1520
1071
1366
1034
1839
7
828
1990
840
511
442
332
637
593
1975
1175
318
542
345
1596
591
1402
22
1163
1679
1743
962
1399
603
1811
653
602
498
1012
490
1930
815
258
924
853
502
317
1996
1694
1998
1342
1337
527
1393
1920
630
458
405
274
1511
127
1457
1352
914
1456
1874
1684
704
1938
384
1148
556
1695
78
589
811
1259
276
156
831
135
484
1249
286
97
608
1251
941
1296
1616
295
1867
1464
1716
1137
1408
227
1406
83
1955
1570
981
1381
1654
1017
1133
1701
1208
187
1849
487
966
563
1139
789
1195
1165
84
900
1985
1132
623
1310
25
296
408
813
1622
725
504
160
466
1918
786
1204
1468
550
1141
1395
1603
632
1677
211
739
1580
1932
1517
1599
1519
629
31
734
1438
61
1941
1761
1253
103
982
654
1818
1531
1038
843
897
549
1804
1688
1759
1423
620
159
1827
483
926
107
1627
740
899
1636
1769
192
230
58
1246
1777
1997
1536
1421
1032
1584
262
886
496
939
838
1770
462
1875
1277
253
1359
27
679
1398
1846
328
1411
746
123
234
1422
703
1797
951
512
1281
1588
1099
1288
24
429
1862
1078
93
236
756
301
690
674
1656
73
1238
244
1784
664
1179
662
1994
1590
649
1476
1914
697
1127
651
144
430
1460
190
288
1194
1617
1751
467
358
9
689
1225
469
1236
1462
1330
1641
1706
198
1964
1373
1400
1696
1046
1188
1452
944
264
48
1933
700
721
560
376
1561
306
392
1348
1585
1819
1685
340
950
1244
1653
1740
1558
108
1094
259
566
1235
367
341
655
1673
1389
1513
1206
1829
774
449
782
1037
814
1501
964
231
624
454
1633
294
706
953
1055
1278
1069
574
1582
1828
122
139
1386
383
617
1978
1233
278
1172
1565
885
53
987
1835
928
1143
465
1100
307
1808
508
530
479
1113
993
880
1065
871
945
832
228
319
1817
1234
983
55
325
553
110
748
800
1082
154
842
1668
1043
1812
919
497
775
1048
1420
1953
1371
1075
1375
247
565
722
1013
1328
1343
329
1547
255
1660
212
1649
381
1942
1999
1752
839
1581
1332
998
1416
1652
1940
322
246
1239
1781
1111
747
265
1775
1102
1533
1512
1033
1198
1089
1042
1965
790
875
1441
1184
808
1552
1128
308
1426
1747
812
733
489
1772
452
614
1153
641
1555
1287
1262
356
1686
1412
1891
330
1727
1625
707
1917
407
179
1631
443
644
1349
1218
117
1960
743
765
742
1579
1040
1548
1326
40
210
37
224
1976
1149
1896
137
92
595
1873
291
480
552
66
820
1354
1734
254
1711
273
106
1228
1726
1123
607
744
760
51
666
398
918
569
667
1774
1527
1906
601
17
1901
500
372
1025
907
343
712
1543
1209
29
1029
1725
1189
921
1854
1145
62
75
955
1983
1732
802
1559
1882
1623
1894
1893
56
1327
1922
1458
585
1676
960
833
165
434
67
1479
189
857
1859
529
1338
890
337
1815
1379
995
233
1314
905
1586
638
275
1595
768
592
1858
1257
1762
1499
543
548
1152
604
791
1554
492
523
531
599
423
1001
1347
518
351
263
1645
1702
1733
321
426
687
579
1989
683
1223
606
936
1463
1433
421
1394
1051
738
1372
172
1886
943
1384
1952
1298
1992
536
1648
977
1176
1945
316
1401
1190
883
1681
1651
621
1299
1115
52
352
473
1435
1720
770
1535
488
1445
1748
1830
50
1269
1205
1670
1583
1712
1573
176
134
1613
1803
215
414
513
112
1620
892
1154
1431
1493
611
1621
468
991
363
1626
1014
686
767
903
338
1900
371
1853
1591
1282
1492
1449
923
1642
149
385
517
554
1785
470
304
453
1021
1466
837
735
435
1737
125
1504
1898
561
619
447
335
1923
1981
1085
911
636
546
1467
1661
269
992
1142
708
1470
1682
1665
241
1567
741
796
1272
1650
362
751
1717
1265
271
218
411
793
1956
834
877
1592
1308
1795
684
584
594
1506
1576
728
934
1192
1434
438
361
848
1171
881
1077
1801
702
715
1271
49
1475
1545
1093
545
162
155
947
1692
1713
1738
557
681
191
422
1630
1231
869
930
175
1241
428
45
1614
1336
1006
656
858
809
26
927
1302
1486
193
1388
922
1526
1361
736
1604
391
714
1355
1602
967
471
732
1564
1703
1210
292
1304
1718
1227
1260
762
976
1869
1771
817
1525
217
370
132
868
879
547
475
999
310
618
495
609
827
1773
1778
1334
1890
1414
1534
1756
956
1053
1112
346
1162
1044
1974
634
1447
961
1229
540
1245
1125
320
397
534
379
267
284
1987
437
1358
1683
1443
1008
1088
109
646
1193
32
701
750
503
1836
1925
806
893
1607
642
1081
1610
598
757
1031
1966
652
856
326
963
819
1027
1667
1832
635
1988
344
1255
764
1825
633
1885
985
1428
1217
1967
1367
626
729
1666
1440
8
1087
474
891
219
1790
1502
39
1322
855
15
973
755
954
965
870
758
1848
1483
1
1563
1497
277
79
1852
348
1020
158
1168
769
446
1109
1887
33
478
1151
387
558
575
648
711
1524
170
1273
909
1369
1309
1542
4
1403
694
451
1057
183
1959
339
1166
968
526
1575
23
1757
917
1813
580
1117
830
60
680
696
1521
302
1303
873
1612
713
763
65
730
1446
1796
1632
222
1655
382
1529
1200
389
613
778
1454
1331
1498
1927
1118
1481
1876
1126
1182
1669
1597
440
1786
441
535
1214
761
1002
1574
1307
1480
1553
1122
1507
380
1289
460
204
1305
957
90
1129
293
1274
862
1107
89
1491
564
1944
501
1782
116
1556
1383
1318
975
415
493
1569
1136
1806
1879
1196
167
1739
1364
1888
1266
1159
1268
1963
1368
251
932
952
823
913
1173
80
522
375
1050
70
1860
85
1672
324
573
1902
1054
256
1459
425
1410
205
1880
1114
221
1881
1957
1508
261
1856
1926
57
1391
1357
1340
610
1908
958
516
1628
365
1722
2
1219
353
1186
1954
1658
359
1577
908
673
238
94
788
996
1374
100
1346
753
1250
1320
393
1064
226
1060
354
972
1086
268
21
184
298
798
1571
1237
884
1455
1834
841
562
1461
1639
978
1783
1820
1049
1076
1789
1230
46
403
16
82
1851
737
1845
1294
1560
1708
1766
88
229
239
1263
1158
418
1319
1397
1671
1110
279
1505
1704
1793
1035
477
120
901
1323
1593
940
1018
1116
399
1899
933
1232
101
669
5
990
455
1754
859
420
1758
1913
1248
1147
1934
650
1360
1254
119
1539
18
334
541
3
1523
1865
213
1191
1723
1432
157
1680
1821
1425
719
1921
1170
925
1646
910
1224
482
378
388
1150
709
1949
400
121
587
1805
401
1067
1387
196
461
906
887
1824
969
368
208
417
902
281
783
1541
539
1494
1750
186
818
1335
1640
1760
169
1768
431
1119
252
660
661
148
152
766
245
1870
807
412
1321
920
1098
695
645
424
1478
979
1991
1007
1624
1096
1101
133
201
35
1905
1365
74
71
1971
1023
1181
876
207
1247
1079
143
551
323
1857
1083
235
1572
864
1353
1267
1958
863
166
1297
1385
1794
86
81
1317
1183
1937
188
1396
202
168
1605
395
942
98
688
1485
1022
1068
1691
305
1838
313
1842
1258
1635
1714
1866
131
91
1780
1522
223
792
1540
717
104
1316
1329
865
13
237
510
1121
44
1405
647
986
364
1638
182
555
1767
682
1710
1070
1199
1807
1619
1169
1840
727
596
