661585920
891224064
93782016
872742912
508231680
305135616
821231616
756547584
245563392
766377984
905309952
550699008
482279424
307888128
493092864
811204608
406585344
547356672
671809536
748879872
306315264
636223488
675938304
577437696
364314624
591986688
1769472
79036416
510001152
773259264
2949120
760479744
454950912
333053952
525139968
159252480
389283840
271122432
815726592
354484224
499384320
336199680
735707136
786235392
729219072
333447168
692453376
504102912
117178368
260112384
880607232
741605376
48758784
415432704
701693952
326959104
805699584
734330880
652345344
651558912
9633792
112459776
285278208
212140032
858193920
456720384
370802688
522977280
889061376
837156864
857210880
76283904
727449600
5505024
551485440
2555904
763035648
510984192
376307712
378667008
704249856
121700352
7864320
495255552
558759936
404422656
869203968
249298944
199360512
836173824
412090368
660406272
653524992
464388096
606535680
376111104
575864832
793509888
667090944
86114304
794492928
384761856
556007424
806879232
360579072
853082112
617938944
787611648
455540736
476381184
543227904
791150592
130547712
684785664
370802688
389873664
460849152
847773696
767557632
828899328
642318336
786432000
653918208
157679616
405798912
467140608
501547008
144900096
21233664
802750464
475791360
478740480
288423936
549519360
627572736
118947840
464977920
480116736
303562752
865665024
376504320
69992448
91619328
588054528
317718528
76087296
502136832
709951488
267976704
206831616
909901824
592576512
162201600
879624192
695992320
732954624
97124352
584318976
495452160
104988672
903413760
259325952
619315200
523173888
24379392
701890560
222756864
568393728
124846080
242024448
644677632
898498560
443940864
276234240
335806464
538509312
624230400
153354240
354877440
818675712
172818432
903020544
844824576
636813312
460455936
263847936
89063424
292945920
746717184
288030720
335020032
172425216
214106112
504102912
311623680
534970368
752418816
236322816
610664448
396558336
648019968
124452864
664338432
562102272
402849792
411500544
773455872
624623616
64487424
197787648
470876160
629932032
61145088
564854784
554827776
689700864
620888064
294912000
875102208
559546368
159055872
374538240
168886272
153550848
11599872
56623104
585302016
727842816
839122944
890044416
410517504
867237888
22413312
620691456
796459008
241041408
5308416
38338560
482869248
850329600
375128064
466747392
178126848
884539392
358612992
69206016
662568960
540082176
376307712
206438400
740622336
587071488
270532608
234553344
412090368
41484288
44236800
213712896
366084096
328138752
760872960
50724864
395182080
418971648
735510528
396558336
98697216
847577088
115408896
758317056
773455872
547749888
99876864
308477952
50135040
591790080
719192064
50921472
303562752
263847936
390266880
19857408
748879872
879427584
341901312
93978624
584515584
360185856
21626880
141754368
477364224
876085248
290390016
178520064
387710976
483065856
367263744
809631744
137428992
573898752
366280704
565051392
668860416
270532608
902430720
98893824
263258112
565248000
699531264
520617984
74711040
179896320
294912000
59375616
143523840
159842304
895837882
299827200
275447808
336199680
355467264
700514304
647626752
675151872
517865472
587661312
463601664
533594112
761462784
539492352
544407552
726466560
150798336
817496064
854654976
433913856
309264384
2752512
790167552
67239936
892010496
649396224
506265600
672399360
187564032
865075200
596312064
643497984
573898752
670236672
547160064
107544576
461635584
529661952
742981632
258539520
316735488
125829120
272498688
280952832
95944704
898695168
855244800
321257472
683606016
864681984
905183232
500563968
589824000
579010560
841875456
359989248
719192064
359006208
544014336
349372416
735117312
224133120
682622976
616562688
653131776
632684544
508428288
846594048
781320192
784465920
569573376
269942784
453181440
731971584
222560256
186777600
267190272
476184576
279379968
612433920
297074688
251461632
563871744
171442176
95551488
736690176
804323328
899481600
587071488
45219840
804913152
118751232
579403776
788398080
296288256
150208512
771293184
888078336
344064000
420937728
823394304
738066432
374931456
615972864
194052096
843251712
795869184
389677056
577044480
51314688
404422656
585891840
444923904
101842944
456130560
196411392
433717248
360775680
804323328
32047104
343670784
624230400
1179648
731578368
61734912
195624960
189333504
72155136
192086016
372375552
199163904
791937024
115015680
824770560
160825344
105971712
837156864
739049472
766967808
753205248
704446464
371785728
711131136
21823488
603783168
361365504
206635008
17694720
677511168
718602240
407568384
691666944
541065216
891420672
904003584
826343424
36765696
348782592
573505536
434307072
226295808
749273088
900857856
295895040
820445184
873725952
558170112
474415104
424280064
484048896
879230976
371785728
198770688
116195328
662372352
554237952
172032000
46596096
331677696
135462912
384368640
690683904
630325248
343867392
76873728
775421952
450035712
141557760
315555840
568983552
493682688
573702144
745144320
869007360
519438336
411303936
626393088
175964160
606339072
895746048
427032576
49545216
399704064
386334720
814940160
536346624
656277504
820248576
405012480
859963392
451215360
902430720
19660800
572129280
772472832
176553984
75300864
4915200
160628736
238878720
753401856
394788864
292749312
240844800
342884352
406388736
279773184
787808256
385155072
700121088
772669440
836370432
538902528
881590272
42074112
276627456
529268736
830275584
327942144
57016320
663552000
625016832
873725952
92995584
464781312
444137472
712704000
333053952
60358656
20447232
309657600
227475456
314572800
755171328
284491776
740229120
58785792
723517440
649003008
128581632
46596096
125239296
140378112
275841024
367460352
70385664
408354816
540475392
187957248
556793856
487194624
837746688
896139264
80019456
144506880
266010624
863305728
778371072
762839040
840302592
333643776
147456000
695599104
813957120
385548288
406781952
776994816
584515584
381419520
907542528
649003008
66060288
75104256
610861056
97320960
296288256
348389376
244973568
162398208
497614848
246349824
362938368
695599104
488177664
468123648
861732864
98893824
348192768
803536896
174587904
197394432
96731136
750845952
450035712
269746176
489947136
251461632
826933248
40894464
739049472
631504896
778174464
750452736
223150080
338165760
730202112
492503040
20840448
492896256
102825984
649789440
65863680
627572736
46399488
436589568
342097920
221970432
345440256
34603008
357040128
89653248
212533248
101253120
179896320
576651264
775421952
1179648
411697152
719388672
278200320
665124864
645070848
414646272
207224832
458489856
282132480
897712128
39714816
289800192
169279488
579010560
382992384
625999872
537919488
466354176
210960384
173801472
253427712
434307072
190513152
308674560
683016192
434110464
709361664
648019968
694812672
197984256
378470400
856227840
675938304
750649344
556597248
45219840
143720448
332857344
566427648
543227904
109314048
342687744
560529408
163577856
685965312
323420160
861143040
900464640
538705920
877658112
169476096
107741184
78249984
762052608
601620480
596115456
402063360
616562688
394199040
385351680
209780736
786825216
258736128
871366656
408354816
854261760
16121856
172228608
76480512
271515648
267583488
272891904
212533248
835387392
716242944
394592256
770899968
433913856
649003008
92798976
831651840
491126784
632684544
762052608
741212160
419168256
43450368
319881216
755171328
74514432
543817728
130547712
780337152
705429504
805699584
671416320
509804544
472252416
537919488
737673216
731185152
501743616
206241792
539688960
889454592
828309504
303169536
904986624
51314688
119144448
695402496
512557056
400687104
19660800
202506240
909115392
793706496
503513088
715849728
413663232
399507456
444334080
636420096
235143168
566231040
153747456
314966016
433913856
438239232
87293952
244973568
488374272
510001152
653131776
631504896
351338496
319094784
86704128
103612416
249692160
609681408
451608576
94175232
4128768
643104768
624033792
239271936
407175168
733741056
160235520
811204608
708968448
356450304
714080256
763625472
81592320
691077120
855048192
101842944
463601664
193658880
557580288
265814016
672792576
457506816
258736128
335413248
159252480
296288256
695402496
546570240
606732288
279773184
490733568
558170112
792920064
156499968
352650624
226885632
701104128
496435200
194641920
824377344
792526848
693633024
128188416
347209728
363528192
72941568
631504896
308477952
697171968
530644992
647036928
298844160
308674560
559939584
57409536
344260608
622657536
852492288
253427712
61931520
114425856
289603584
87687168
463405056
322043904
395378688
74317824
307494912
559939584
520224768
531824640
713687040
597884928
310050816
310640640
154337280
87490560
735707136
867237888
765394944
7041224
215875584
585498624
662568960
262078464
193658880
509214720
324993024
206241792
473038848
415432704
865861632
457900032
590020608
869990400
55836672
534380544
225705984
722534400
688914432
808255488
406192128
870383616
278593536
398721024
892600320
460652544
737869824
9633792
376111104
31653888
281542656
110100480
263454720
163381248
268959744
296288256
434896896
341508096
826540032
858980352
280952832
431357952
139788288
823787520
753205248
814153728
241041408
906559488
325582848
81199104
438632448
425852928
744161280
271908864
899284992
843841536
217251840
50724864
76677120
172621824
870973440
876281856
428802048
785645568
387514368
9633792
895942656
77463552
504102912
339738624
362938368
114819072
902037504
103219200
571342848
204865536
253427712
299040768
306708480
725483520
455737344
435879936
208994304
531431424
182845440
301006848
722534400
138608640
474611712
416022528
504889344
527302656
883949568
48758784
371982336
55246848
578420736
279773184
153157632
123076608
193265664
76283904
311230464
502333440
123076608
392232960
96534528
293339136
415432704
317521920
293732352
550109184
859963392
296878080
689504256
569966592
194838528
169082880
35782656
675545088
315752448
80805888
26542080
579010560
594345984
335020032
164560896
837156864
143917056
107937792
396165120
447676416
807075840
5898240
172818432
122290176
676528128
46006272
72351744
592576512
338558976
93782016
411107328
434896896
703266816
19464192
534183936
211353600
572915712
491520000
817889280
671809536
299827200
277807104
629342208
579600384
14548992
39124992
608305152
752615424
78249984
16318464
527302656
384958464
517865472
724697088
584122368
161808384
472645632
424476672
817889280
620888064
410714112
587071488
84148224
82378752
399704064
499974144
715653120
313786368
709558272
141557760
744357888
91422720
201129984
156106752
672202752
268763136
228851712
250085376
240844800
276037632
538509312
199753728
397737984
196411392
499974144
783286272
124452864
445120512
601423872
856817664
895156224
846200832
680853504
439025664
667680768
859963392
137822208
141950976
305332224
700121088
70385664
804716544
824377344
36765696
550895616
208404480
673185792
794689536
327942144
14548992
277807104
431554560
456327168
806092800
355215888
117374976
594739200
699531264
291766272
567410688
208207872
766967808
258539520
862126080
854458368
19267584
580386816
757334016
512753664
452001792
57016320
329515008
431554560
690683904
602603520
421330944
509411328
49741824
785055744
650969088
826343424
185008128
142934016
1376256
278396928
432537600
422313984
333840384
739246080
481886208
89260032
127598592
427229184
530841600
164757504
145489920
392429568
844038144
37158912
459276288
542048256
901054464
215089152
396165120
343867392
727252992
665714688
80019456
238878720
651952128
656474112
208404480
139984896
805699584
634847232
293732352
292159488
144900096
614596608
274268160
723320832
170655744
46792704
376897536
471859200
196018176
321454080
605159424
218431488
240844800
721551360
114032640
139984896
30081024
571146240
666894336
847970304
812777472
205062144
609288192
302383104
219807744
380633088
445710336
840499200
740622336
550699008
640155648
323616768
774045696
647823360
368050176
171048960
536346624
708575232
712310784
54460416
296484864
671809536
534577152
240254976
438239232
511770624
553648128
552271872
712310784
362545152
734920704
333053952
130547712
340918272
731774976
304742400
430374912
147548160
605552640
606928896
578420736
285671424
229638144
876871680
494862336
739639296
324206592
304939008
665714688
447283200
490340352
169869312
400293888
212140032
521011200
355860480
239861760
183042048
13369344
654114816
264437760
158466048
382402560
650182656
868810752
13172736
753008640
344064000
516096000
42074112
846594048
826343424
365494272
338165760
140574720
607125504
38535168
287440896
823001088
253919232
153157632
168099840
84934656
203882496
646840320
470482944
754778112
212140032
65863680
79822848
696188928
591200256
766574592
539885568
263061504
128778240
455933952
263454720
286851072
411500544
789970944
279379968
695992320
531431424
27131904
480116736
70778880
603979776
108920832
25755648
241631232
385548288
405012480
396361728
820641792
682622976
759889920
596312064
900071424
747110400
332464128
882376704
583335936
92012544
553058304
351338496
700710912
471662592
231997440
782696448
682819584
776011776
799604736
456916992
318504960
143720448
427622400
814153728
716832768
88276992
257753088
761266176
358219776
545980416
737280000
869597184
548339712
474218496
480903168
110493696
535363584
790167552
61734912
682426368
509214720
736100352
823197696
761069568
198180864
228458496
466747392
794689536
675545088
475987968
836960256
372178944
99090432
132120576
517275648
385351680
881590272
333643776
704053248
848756736
607322112
344064000
619905024
781910016
248315904
675938304
556793856
612827136
721354752
846790656
770310144
54263808
125829120
683802624
593559552
299433984
265420800
100859904
836763648
779747328
98697216
139788288
879034368
158859264
892010496
283312128
589430784
862126080
852688896
611254272
858390528
797638656
505479168
42270720
666697728
664731648
64684032
518258688
804126720
809435136
857407488
6291456
29687808
147456000
714080256
142147584
890830848
785645568
199753728
651165696
206438400
796262400
613416960
63504384
408354816
45809664
620101632
377880576
218824704
88473600
592379904
141361152
77856768
111280128
348192768
546963456
597295104
404815872
433324032
581959680
695992320
269746176
367853568
77070336
610467840
448069632
605356032
774832128
39911424
881000448
536150016
744554496
481886208
346619904
4128768
226295808
108920832
696975360
780926976
102432768
432537600
112263168
563085312
747110400
893779968
883752960
283901952
511770624
302776320
730398720
592969728
469499904
796459008
252248064
708968448
57212928
34013184
121307136
83361792
748879872
196608000
137232384
530841600
659226624
618725376
357629952
5308416
84541440
598278144
549715968
230424576
237895680
272302080
657457152
79036416
561709056
307888128
722337792
347013120
891027456
621477888
149028864
645464064
568197120
234160128
207224832
40304640
554041344
191496192
561512448
810418176
827326464
272891904
567803904
795475968
388497408
315359232
134676480
670629888
580583424
683802624
449445888
707985408
562102272
699138048
444334080
579207168
185204736
402456576
137625600
517668864
729415680
56819712
229834752
107151360
655687680
209190912
822607872
341508096
311623680
877264896
162988032
213123072
742981632
100073472
810024960
9043968
476381184
260898816
277807104
598081536
51314688
753205248
876085248
537133056
641728512
243793920
739442688
701890560
580583424
675151872
405995520
821231616
812384256
453378048
500563968
646053888
197787648
310050816
777584640
8060928
362938368
224329728
120324096
260505600
549519360
289013760
162791424
672595968
195428352
374734848
191496192
495845376
788791296
754581504
601817088
41680896
693436416
244776960
434896896
889257984
747896832
792723456
88866816
851902464
150994944
588644352
658833408
619511808
563675136
526516224
801964032
829095936
868220928
60555264
442368000
814350336
433324032
430374912
682426368
839516160
384761856
855048192
574881792
226099200
623247360
318898176
147062784
127598592
869793792
889257984
875692032
406978560
661782528
316145664
45809664
9437184
99090432
428802048
164364288
793116672
321847296
229834752
420937728
360185856
678297600
555024384
563085312
345243648
764018688
212140032
599457792
240844800
216662016
228458496
465764352
57212928
155910144
710541312
337182720
664338432
617545728
218628096
35979264
165347328
655884288
261292032
283508736
700514304
280756224
233177088
624033792
573505536
692649984
528875520
201523200
205455360
847970304
831258624
64684032
126418944
589234176
15925248
234553344
4128768
704839680
898891776
451215360
293732352
231407616
153157632
176750592
737673216
910098432
625803264
526123008
601817088
477954048
82575360
159842304
892993536
855638016
840892416
107741184
319881216
391839744
712507392
775421952
311033856
302186496
411500544
305528832
362545152
563871744
431554560
854458368
201129984
361758720
797638656
612630528
343474176
42074112
853082112
582156288
496631808
215875584
801964032
855048192
158466048
441188352
411107328
600047616
382402560
387121152
457703424
720371712
66256896
248315904
611254272
342687744
718798848
2752512
9043968
334626816
626393088
818282496
87687168
846200832
790167552
151191552
417202176
271908864
161611776
476971008
815726592
801964032
183435264
519045120
841875456
404619264
53870592
52297728
785252352
495255552
25165824
539295744
370606080
678100992
208011264
533790720
475791360
703463424
483852288
265814016
332267520
857210880
152174592
894369792
37158912
248512512
295108608
838336512
482476032
49938432
749666304
505872384
430178304
395968512
322830336
731185152
393805824
506855424
417398784
882573312
171245568
229834752
496238592
665321472
643497984
741605376
247726080
257949696
809238528
698941440
895549440
79036416
325976064
602210304
521404416
94371840
422510592
818282496
97714176
529072128
134283264
244580352
536543232
253624320
53477376
789381120
436076544
484245504
461242368
569573376
624033792
324403200
130744320
292552704
743374848
27721728
620888064
434307072
903217152
384172032
666501120
238288896
92209152
141557760
737869824
752615424
553844736
182255616
128974848
172425216
639172608
662372352
225705984
260898816
266993664
97124352
589824000
186777600
162201600
666894336
289800192
127598592
645464064
224919552
107741184
335020032
814743552
166330368
354484224
829882368
11599872
72744960
151584768
118358016
73728000
49938432
620691456
234946560
861143040
682819584
340918272
563281920
883949568
570556416
158269440
419758080
298844160
892010496
803733504
306511872
744161280
244776960
847380480
461242368
571736064
73138176
225116160
450428928
310837248
383188992
616562688
6291456
744357888
36765696
798425088
438239232
547356672
364511232
397934592
425066496
218431488
189923328
81002496
611254272
633274368
553254912
241041408
288227328
326762496
480509952
221380608
738656256
783876096
843055104
377094144
247726080
439812096
425656320
354287616
475594752
102432768
122290176
716242944
806879232
356646912
755957760
852295680
46399488
145883136
54460416
147652608
691470336
320864256
607715328
162988032
868614144
1572864
873136128
673775616
488964096
879427584
5308416
132120576
3342336
431751168
306905088
802160640
386727936
52887552
556793856
896532480
657063936
487587840
484442112
450428928
829685760
5111808
382992384
648806400
255983616
253034496
559153152
835977216
687931392
27525120
253231104
386334720
728629248
286457856
279969792
426246144
126812160
772472832
296091648
268369920
636813312
377290752
104398848
109707264
877658112
175964160
518258688
329711616
140967936
648413184
268369920
457310208
791150592
819265536
718405632
615186432
377683968
320864256
240058368
695009280
468713472
75497472
329908224
550895616
444923904
813563904
577241088
475004928
413073408
671612928
880803840
