2000 2000 912064512
1013
940
1623
39
1746
1519
868
669
433
194
5
1962
1738
218
1034
460
1242
1532
269
1460
507
1186
1409
876
481
1551
357
1035
1849
768
1857
1454
1488
844
490
1314
896
1758
1596
235
1785
100
430
189
707
695
694
119
758
495
1313
358
1905
476
307
609
1999
1127
1951
633
1282
464
803
1063
1712
309
575
1458
253
1412
201
1165
1599
1713
1907
939
1937
20
231
351
634
184
1601
1246
1449
1854
502
589
995
1820
154
145
1579
121
1845
1897
1010
994
521
1137
764
1604
1110
1575
183
837
1289
855
1673
1946
376
1731
236
1710
1424
1546
1073
1980
1799
41
1809
1478
929
945
436
1841
1066
1256
1362
1722
1222
1936
105
321
171
304
44
1773
1504
14
424
1395
379
377
1520
220
142
859
1375
373
1630
882
773
57
606
1766
487
652
1698
706
1677
1767
40
1696
961
1846
1176
1415
590
712
1993
1681
1661
237
30
922
581
1631
1730
124
1118
456
754
1814
1559
83
536
847
1932
1832
418
791
904
1743
1309
1134
1120
770
1374
1339
779
587
1991
533
884
479
335
1760
210
400
1419
11
1528
1441
1627
701
990
285
1038
1423
43
1218
692
1938
363
1557
1123
283
53
646
1933
47
1163
1597
841
1561
241
1916
1180
1245
1311
765
497
345
604
1885
954
1538
826
1664
930
1211
1030
349
664
205
1582
1305
1498
1774
809
918
1486
167
1909
1131
1986
1406
1744
92
1465
1169
1243
943
434
816
1877
1692
126
599
1483
1903
1098
1006
52
658
987
869
1949
1285
1958
396
188
957
9
1674
1380
923
913
808
1307
709
408
1912
423
1128
389
266
1400
362
1771
1777
506
87
1490
311
1
1752
244
992
364
1540
1357
329
256
733
1969
1756
1783
625
1737
474
853
165
454
519
158
388
1830
1143
247
1190
1430
928
1260
1842
403
106
514
1548
509
1064
1566
708
186
1124
1178
297
1325
927
824
1054
1976
1939
783
832
717
1640
870
1484
1407
846
897
747
1201
1633
983
450
1927
879
1671
836
686
478
445
889
1185
1838
1497
1269
1669
338
1106
651
192
1584
1955
1291
1611
1101
427
221
718
780
1031
727
1691
1199
1770
1184
149
1299
914
1353
1182
1705
1233
1761
1112
85
197
1447
702
745
190
1327
120
1699
70
1531
511
611
294
848
1088
1009
1457
110
1859
588
739
1693
1157
1571
1017
1791
1645
1987
1493
1934
1650
1166
663
1371
597
724
591
1342
463
989
1632
393
1563
616
1719
544
1882
1241
1398
504
1160
744
676
334
986
1079
965
883
649
854
1858
1514
582
1297
1381
1901
1048
1824
903
1434
1852
317
1224
346
672
138
626
1146
919
239
1805
444
1420
1005
1240
1058
557
1445
387
215
969
1894
1463
1654
1099
1507
1573
951
1811
116
952
1475
1558
1929
1536
1043
512
483
811
814
759
1016
641
1373
662
1335
851
899
1508
874
1965
827
530
1793
336
1499
278
1148
750
549
1000
37
211
1414
548
993
1643
1982
805
852
480
849
1908
1172
1734
1778
1853
888
539
1021
1343
1333
1349
1216
1948
1092
1231
1002
353
1059
1530
1413
1069
1026
217
339
1957
1174
1801
1658
1344
178
33
1899
1856
448
414
1389
1864
1829
1961
580
1356
262
356
1144
1259
1104
790
1378
375
1050
1235
288
970
1635
1350
1234
602
1426
1359
1055
1442
1787
1149
330
551
730
794
1464
1071
103
151
807
1728
99
760
1569
1237
1140
1647
880
755
1739
740
1205
280
601
1304
687
6
956
1985
380
176
212
655
203
1826
1372
635
1300
1615
671
1992
642
907
942
861
1971
1001
421
1500
804
1626
1083
1072
1592
886
406
245
608
62
1726
756
916
439
915
624
34
1318
1126
1219
1893
893
610
1525
1578
801
571
547
1509
290
550
1394
169
50
908
921
1115
1797
517
1501
728
1416
1456
546
287
1687
751
102
67
252
68
1367
900
657
673
1803
1974
1568
144
771
920
1351
1867
150
1718
1544
2000
1020
18
1369
1605
1096
1253
1588
726
54
78
238
1807
1727
734
1720
526
577
1025
1107
1649
1996
465
703
1506
1270
789
1340
912
282
785
1983
1379
1014
1077
1850
390
374
1320
1119
143
1452
196
1093
873
1293
1861
1264
1170
1827
1724
327
293
538
175
1641
1084
659
1103
1945
350
1321
719
704
1556
1865
365
1487
1481
593
934
1266
1067
1847
137
775
267
1998
1283
1139
1701
101
1590
1348
1815
1537
510
1204
1591
1141
1572
1942
982
1979
320
1762
453
621
1051
781
895
4
767
1755
988
688
209
1863
1068
1091
61
529
866
1708
752
1887
1208
1614
1040
1156
594
1586
1238
492
298
296
1482
394
441
1697
864
292
975
645
156
1087
360
1883
1522
898
1678
1879
845
259
1403
1606
1547
2
1648
1171
1890
1057
720
1474
1567
289
960
563
163
344
749
1257
1913
477
1977
1275
1503
1122
532
318
1225
343
55
1886
1889
381
1467
1347
1411
443
354
48
1542
600
1823
1397
1784
1041
817
1366
839
1278
890
910
337
1150
355
470
1516
1062
578
1972
936
1541
1837
1364
1228
1227
257
1757
371
1429
111
79
887
647
108
1370
117
1725
674
1711
806
527
1952
1288
863
872
556
1960
660
564
1772
332
104
494
397
193
885
42
1404
788
833
1355
243
932
1608
452
135
1315
948
1109
180
1577
787
32
1365
697
1515
1928
1749
1431
865
1249
1280
980
1839
1496
1251
1517
1070
1422
792
690
518
274
1076
1177
830
513
1574
612
619
670
1214
471
472
1439
306
1580
632
1779
214
216
574
182
1636
822
1668
447
1989
21
1753
560
1479
279
1376
843
118
1539
1045
958
570
1891
1310
51
1159
1189
1518
835
1448
333
1555
1033
1876
65
949
1919
486
638
981
797
1545
1613
953
1261
299
301
978
1562
1236
222
1740
17
973
1818
637
1287
650
251
1408
1042
224
1220
1940
1317
134
1612
1346
1931
413
1914
1988
1735
1560
607
179
392
370
1121
1609
122
1229
1594
3
782
263
729
1943
586
1524
1653
705
1405
1685
944
500
1595
328
639
1265
1462
1663
668
1695
925
162
153
1152
1721
691
878
1554
540
133
295
1337
10
1810
273
723
1360
95
428
1995
383
617
49
962
614
131
1872
1158
185
139
1895
627
743
1277
1244
1690
1796
1090
195
63
128
613
959
1628
572
802
1915
146
683
1817
58
1610
425
1336
1252
204
1215
1968
1446
1871
799
1308
1377
1194
449
595
654
1065
1603
491
417
665
74
249
1843
1833
1618
469
875
757
1459
281
1765
1964
1136
1108
1806
1866
725
90
1003
825
753
1706
1306
1994
1183
228
1341
7
227
1345
737
675
1816
1421
322
475
1039
528
1874
810
834
1322
191
420
850
1495
488
233
1188
261
1954
125
555
1111
1129
1444
462
1527
1276
1262
1436
823
1881
1780
1629
941
159
1396
1438
8
1935
202
1875
1920
352
455
440
1549
1037
451
1656
1646
1657
382
1433
1790
1759
250
1418
1953
1329
774
1682
656
732
1715
361
1226
917
1851
520
605
999
31
36
305
319
1209
955
384
391
1973
1862
1655
459
947
1155
271
1004
12
1840
45
1301
1634
620
1046
1358
997
1802
541
284
1392
1453
315
1179
786
1703
1552
1117
682
348
226
1813
1751
172
38
1292
598
1794
1274
615
653
56
1869
991
302
968
13
1052
1080
81
368
1477
796
1644
1619
1652
798
1097
432
1303
1417
1196
1471
1553
742
312
1056
1061
1917
630
1812
1388
1922
1200
696
435
1273
1154
1130
1390
1352
1085
1786
1956
1967
1589
713
148
1900
1007
1716
466
911
862
1027
1598
1094
1263
772
96
1175
1683
258
80
140
766
246
1878
1319
1607
160
1399
1053
234
1232
1217
402
524
1193
1963
199
1281
1947
303
1676
19
1480
1468
398
422
409
1162
60
1902
260
1082
1870
977
164
1461
1402
386
1044
1254
1142
1732
679
272
661
516
738
229
735
316
225
1966
1795
1437
1272
404
1511
1466
1975
966
268
1018
677
858
26
1587
1326
1435
681
892
275
648
136
1207
493
1192
1075
553
643
618
1860
73
1764
1543
1230
366
1624
1848
407
1410
112
66
1904
565
1763
1512
1639
1312
378
147
200
411
1898
795
1221
721
1585
1776
1338
129
1401
963
207
1181
935
1923
933
1279
1689
1361
76
699
535
1491
984
562
1880
1387
1550
1198
457
174
395
467
778
1324
1884
596
1702
1132
1659
25
323
1015
1323
722
341
152
946
1941
485
1425
82
1602
1290
1534
1385
1029
1750
974
1473
793
91
1896
1294
776
1019
232
1906
86
1835
1638
831
881
141
77
419
1745
1825
1622
716
769
905
1147
971
508
821
1428
1834
698
1012
496
1258
198
1981
223
819
1212
684
326
1100
286
208
1443
877
714
1990
996
1049
838
1332
515
1686
255
1502
1700
523
1432
629
710
372
1168
88
1427
1828
1944
401
1576
1383
1535
857
1707
1521
1804
1855
248
592
1296
69
59
1910
937
1008
1918
1717
731
359
579
1492
1081
446
1206
219
115
576
313
828
1489
1440
746
1723
265
458
1978
367
1888
1513
1672
1195
489
1665
1769
748
1210
1642
1748
1145
979
534
132
1565
484
1125
522
1593
1729
689
501
1666
1187
1921
1267
1709
711
1616
1494
310
1036
552
1302
1105
1164
264
46
22
1873
644
1102
276
325
666
84
1704
1781
1924
1950
1741
109
1476
1798
1667
537
1368
1028
623
558
15
429
1788
347
1173
543
1997
800
1775
1203
1600
1074
1694
762
230
1271
1450
1268
842
473
1330
784
1393
342
1526
1167
503
1684
426
1316
542
415
812
678
166
1191
1822
1250
894
693
1660
28
680
964
340
1583
1680
967
1328
1733
998
815
891
777
24
818
107
431
976
1089
700
161
1844
931
442
924
155
1868
1011
741
1382
561
187
1789
840
1930
369
72
89
1747
667
412
871
1135
505
736
631
1570
1023
813
437
1505
566
498
1792
1153
1688
1620
1138
324
1334
1529
157
97
569
622
1621
1247
399
1047
98
1248
461
1564
1151
123
93
270
1022
1581
127
901
573
499
468
829
1354
1239
1363
1754
94
1651
1386
1133
1116
1768
242
1298
685
1714
636
1970
820
926
1926
867
1617
1078
640
583
1679
972
206
410
1821
16
567
1197
64
1161
177
1836
1032
1675
291
1286
35
1472
763
856
1510
308
1736
559
1819
1911
385
985
416
254
1470
950
906
1202
628
1533
173
1284
181
300
909
902
1959
170
75
1060
277
1223
715
331
554
1455
29
1523
531
114
1662
1808
1213
23
1670
584
1925
1024
1782
1625
1095
168
1485
938
1892
1295
130
761
240
405
1331
1800
1637
1984
1114
1469
545
585
213
1391
1113
603
860
314
1831
1384
1742
71
27
482
1255
1451
525
438
568
113
1086
