1619 1619 536870912
591
215
1173
129
1048
334
1163
1374
1057
427
722
1090
483
1183
40
637
1077
1253
230
1188
1345
881
97
805
1552
511
1160
1016
1515
561
437
1594
626
300
11
430
179
777
930
1019
393
472
425
1030
898
30
1443
736
310
1117
493
1128
1321
402
799
720
1479
1186
1155
152
760
269
867
709
1586
582
677
1312
1343
1597
960
116
232
361
735
1420
1599
827
1459
66
1156
1370
747
1313
701
999
937
371
952
102
95
218
905
241
4
1198
734
1225
434
465
317
177
62
501
1383
1506
363
106
1387
1372
184
1350
1596
1394
284
491
1271
815
398
1490
455
1441
679
1020
1003
287
932
1094
1542
1524
1449
294
272
1112
167
1527
1379
1592
14
818
138
1475
108
480
1052
733
567
336
1585
27
712
1408
1215
18
415
1037
1426
1161
537
435
935
13
1327
896
901
266
1012
946
403
1142
163
397
141
1331
360
1300
1504
1281
585
453
667
684
662
46
781
245
825
337
1491
1499
1512
387
1307
2
246
892
647
1125
558
541
1248
90
1551
1463
619
6
381
577
1035
373
1121
590
1145
1150
917
1214
1272
950
1172
1314
500
1601
1503
1505
1053
1267
1123
205
233
1322
344
872
1534
286
43
164
1202
954
36
168
740
1337
142
82
879
967
839
1095
685
589
1348
59
38
609
1582
696
298
1141
816
1335
75
1349
1193
672
1414
253
1448
320
1591
1461
137
807
985
1570
1139
789
224
134
420
1004
1179
1105
1523
248
779
1078
1440
68
1158
1174
10
809
869
817
487
1609
460
458
1058
544
693
259
1436
426
335
388
494
281
925
517
133
969
408
668
429
67
1118
258
510
770
532
791
835
210
587
113
1442
1391
365
1023
664
375
1182
649
575
675
921
725
1153
1530
1154
200
357
850
1152
449
1068
744
423
358
852
1473
231
332
899
1359
1365
386
261
1120
165
1325
1583
148
1587
57
515
528
730
1514
1373
976
1403
1219
1319
1026
1454
1203
1516
646
756
593
572
819
786
1566
796
1127
773
492
941
1402
1275
451
851
1009
1075
1354
390
1561
650
1212
894
1581
1240
1484
349
933
1486
65
331
476
580
251
234
497
761
1584
459
810
687
1178
384
212
293
858
1091
848
846
774
126
352
277
971
99
1553
1087
404
1456
746
282
482
908
151
700
628
1210
1049
699
252
1611
379
54
1027
904
1470
854
1258
125
1541
948
442
716
206
1562
1406
1122
1008
1540
69
431
1320
93
33
916
793
1571
1194
242
1294
924
1291
1007
495
1065
1326
627
161
645
540
865
957
1169
1549
1260
806
913
666
466
86
600
897
772
340
1558
136
79
1480
1446
1466
1497
992
771
1218
302
1175
670
663
1259
314
778
1333
1268
1438
1050
847
1263
87
956
392
186
94
603
692
28
144
741
239
1474
412
1180
878
114
584
1360
1511
145
368
354
535
1021
1242
994
1005
1600
58
166
24
1073
34
529
1036
615
766
1478
1251
995
1034
1401
115
1472
7
1453
196
190
154
530
1521
862
612
566
1062
1462
1471
1329
665
1316
1498
705
1381
15
1217
1399
620
1250
303
199
759
1025
301
1468
1164
216
1046
1269
1056
1607
1576
192
1525
731
270
753
1417
104
557
1147
507
1548
176
728
48
842
1060
1452
1361
1519
1289
915
198
979
1563
783
1226
1230
1262
1092
702
1467
78
377
16
1339
1099
617
1416
970
170
610
1507
1108
1111
1066
1428
1136
1366
1432
1433
32
616
1302
1055
525
63
496
605
359
824
83
812
750
1288
47
1132
565
394
160
1106
690
1375
467
77
1216
1113
1407
790
468
109
290
73
918
1093
1437
1460
1040
1280
180
1351
370
592
235
856
60
1617
289
993
1418
1569
1107
188
265
1064
676
849
1278
1560
1232
1211
634
599
291
1543
1538
1045
984
625
926
372
560
1192
52
1247
1249
1398
364
348
376
959
785
1010
130
470
732
630
1282
407
1252
1535
3
549
209
464
636
885
795
1476
471
228
195
1606
474
523
436
1227
611
197
739
1493
955
445
1185
1167
1382
61
378
452
674
1126
121
519
573
424
227
505
158
1545
1615
1353
1206
243
934
764
814
1431
1097
118
504
366
1011
1424
1243
1171
1305
1317
182
1397
288
147
1130
1238
1435
875
1595
1270
285
221
775
635
1332
395
283
1404
579
836
691
1115
838
383
1298
74
329
680
953
475
1409
319
738
1485
1054
309
604
171
1413
1598
1184
191
887
323
855
22
755
940
697
279
1287
255
988
202
1356
12
763
656
237
949
1013
1518
1422
974
596
1135
613
499
574
975
401
1290
313
683
1277
1224
411
1457
256
813
588
936
1029
1556
1613
101
1577
1116
226
326
1544
89
1002
355
1588
1380
711
945
1244
1439
131
1546
5
1590
157
1528
112
927
964
446
367
478
214
1415
1308
1342
146
914
1604
840
1223
405
240
1051
632
768
438
991
536
1532
866
1209
308
263
1080
96
1148
1396
889
1580
822
601
1041
1568
1133
1589
1495
1222
977
1614
187
463
1500
859
20
338
432
44
1603
1067
350
325
1501
1028
220
633
1083
1502
681
223
1140
754
19
1085
262
973
399
1369
843
888
321
1143
520
1081
278
624
874
72
548
1208
787
316
444
1536
682
870
299
1363
689
586
503
1014
891
1311
428
461
70
55
978
238
498
1522
53
1070
713
21
543
830
1229
162
1513
1231
911
1195
640
502
1429
506
203
857
998
1176
1357
1181
1520
1191
1430
1134
1199
1043
1285
193
1220
621
183
1241
1445
1575
488
669
421
792
450
35
322
527
803
1315
351
606
598
462
1286
1458
1555
1190
1306
486
1393
1069
715
1539
748
556
1256
886
280
671
328
1567
1119
608
1392
629
247
1310
42
127
249
1088
1301
382
211
1032
1410
418
1234
1261
516
1114
41
1018
997
173
883
1362
213
1547
798
489
484
1170
928
385
1239
417
581
880
1110
1076
1031
989
1602
534
1246
622
413
103
564
1559
513
1405
396
1295
217
1038
947
1481
538
111
274
1233
831
31
1044
201
92
906
873
509
440
890
1489
811
1039
9
745
718
1616
275
250
942
26
50
1330
826
678
473
276
1444
762
1236
1149
1022
1168
578
1488
919
1063
800
156
595
686
727
863
554
346
107
56
45
178
1483
983
893
414
447
1336
694
1109
264
1477
902
920
788
1293
374
1042
821
539
526
1324
1104
522
1338
1427
1492
1358
962
457
895
1159
1303
833
1419
729
1279
1465
943
297
257
143
597
1255
804
1554
641
583
409
149
123
996
1367
105
782
1526
1273
219
1531
204
652
982
481
117
1274
726
1166
88
1138
951
614
550
512
333
569
1165
433
939
1573
71
1412
552
296
721
1344
51
479
1608
169
963
1565
229
347
1378
563
923
1377
643
1296
318
469
1390
139
485
776
1323
490
1257
808
1137
132
29
23
91
343
972
416
618
820
868
1276
1619
1395
305
306
546
324
844
353
271
330
1434
84
1213
514
1347
135
1006
1385
1557
1024
751
1304
1131
841
356
653
389
968
1151
704
562
864
222
521
884
1447
980
861
784
648
159
1061
719
828
876
802
706
64
1482
1451
1086
758
961
882
1386
25
1450
910
295
225
1237
189
1388
533
1033
724
938
422
1318
208
823
658
369
236
185
76
767
508
1129
797
1334
400
837
661
1384
723
912
1579
931
1309
1235
85
524
801
1265
860
362
439
1096
1509
419
1102
315
659
1187
1421
559
1221
339
122
1074
903
654
1352
260
1469
1605
853
555
454
1196
1
834
311
607
1400
1328
120
1124
570
1364
794
1162
965
174
542
547
639
708
1204
1101
1593
743
1494
1612
1144
871
1098
571
1346
1574
531
1355
100
1487
1207
406
698
207
1341
1082
673
660
1411
602
742
172
1084
657
1189
1047
1201
703
1368
477
1464
1510
1205
1197
1292
966
327
391
907
1264
1389
900
710
128
155
1371
1537
780
545
1423
1376
140
688
254
568
655
443
1254
110
244
769
987
307
181
268
124
631
990
1200
1266
1550
81
456
441
37
765
829
119
1017
1245
1228
80
342
707
39
312
175
1071
1000
448
1146
958
49
194
714
757
518
345
638
1610
1517
1529
642
1578
1564
553
1496
651
845
832
695
1299
150
1297
1340
267
929
1455
98
981
1103
1283
1157
644
410
8
304
749
1177
1508
1059
877
551
292
1072
1533
1079
1001
153
380
944
909
737
717
1425
1015
1284
341
1100
1618
17
594
922
273
623
986
1572
752
576
1089
