1682 1682 536870912
590
578
1343
447
356
1353
176
891
1140
117
1549
984
1179
401
605
358
1219
1646
1021
1357
374
547
350
1211
206
493
1454
1165
1104
272
271
153
674
133
1676
1269
1040
1193
633
987
60
1443
173
140
1091
1405
1486
1231
1606
409
639
1297
269
202
1679
759
9
1573
573
1657
838
1365
864
520
67
1061
458
353
1407
1595
1609
152
178
1341
340
569
432
1283
1502
429
1255
69
1178
1596
4
419
333
1566
1519
1411
1164
1092
742
806
1374
1584
1087
116
1222
336
1346
509
1197
1097
38
1311
1418
1484
1143
1246
692
1383
937
1147
77
263
369
1254
661
858
1645
132
1539
708
84
629
758
1364
1036
810
256
914
1422
670
76
1444
1266
1068
1470
1565
1619
58
662
1117
22
1337
643
1644
376
306
487
479
1152
521
963
1180
693
1587
1224
1125
1194
31
53
1442
1628
270
829
1033
1310
602
567
1415
1195
1605
357
1523
895
1020
1406
631
1434
292
1190
1591
518
394
1237
833
584
1495
614
48
28
736
556
961
366
615
612
427
756
1622
1080
1298
1517
151
114
1177
354
254
1492
1618
593
1630
413
1277
727
25
642
668
1019
552
71
610
819
667
1333
1616
1003
791
1114
868
597
1001
1577
1469
365
725
255
1256
325
1085
73
1002
411
1025
1661
842
730
287
94
861
511
1516
761
514
477
448
309
1328
310
328
1064
1151
1395
39
1508
1072
1095
1425
734
489
537
1299
516
1223
671
367
1263
1261
421
621
992
55
1624
423
588
1153
280
583
1229
1650
1649
507
870
890
241
480
1520
913
80
425
1291
138
1439
100
285
915
98
1634
609
722
1011
586
986
777
305
139
647
1066
297
438
1259
1465
690
1366
1185
1059
617
1476
811
172
700
486
1330
1122
1462
119
1592
1242
1497
697
481
687
1642
716
397
896
1292
290
102
1376
967
1009
1228
1106
1423
1554
904
1601
430
1542
424
771
3
134
166
623
108
123
484
1514
1553
1289
1047
293
1234
1574
691
1612
1578
1300
862
945
920
750
1455
653
1
1306
651
1545
1427
103
931
158
813
1428
1227
66
462
96
504
1382
230
417
1414
1453
1218
1056
1076
644
331
1536
655
275
1103
1213
279
1258
991
513
538
213
257
1421
592
65
1493
388
308
997
796
1481
995
530
307
1251
1667
1537
733
389
611
1379
886
1429
783
1132
36
1680
748
482
1436
1445
1637
1126
403
349
851
747
317
1580
1199
907
640
618
641
1563
1396
181
1181
460
804
1144
1214
576
715
54
582
1035
1404
130
1623
818
469
1037
143
498
998
81
575
846
149
1583
142
120
685
56
980
570
523
632
295
237
539
824
495
822
857
101
1560
177
372
345
678
882
329
744
1148
217
104
1600
1579
705
883
470
555
1158
534
554
246
1171
981
232
45
770
1529
506
625
249
260
1281
1551
823
505
1344
568
1135
361
1424
170
1090
1426
1561
762
599
955
900
32
1005
1552
721
1046
1530
948
277
952
1349
131
445
314
355
1081
1276
817
242
906
499
440
1000
1107
1525
1446
238
210
344
1112
1647
1073
1655
729
1389
768
1359
456
1301
20
1244
180
707
190
41
1528
33
245
834
1602
201
1433
847
503
1479
1662
1325
154
1373
879
97
532
717
1597
1677
688
381
466
318
24
11
1663
994
606
136
1250
334
515
415
1477
62
941
1473
508
320
182
751
444
377
6
973
1522
157
387
396
127
1614
106
598
303
933
951
769
1372
1105
281
1314
42
860
384
1007
577
944
1540
1271
1659
1435
989
59
601
1129
1128
1168
1555
563
29
976
580
696
1086
459
1626
125
911
145
321
473
1513
1082
1203
1031
827
1419
581
1039
451
1084
1210
248
1309
64
146
1028
386
1625
1390
13
820
549
726
399
702
935
1288
391
836
169
1515
972
342
776
1201
72
1075
675
1510
1012
1547
1615
251
1069
392
443
946
942
803
1294
1145
529
1378
1303
195
550
1335
1362
243
502
1672
1507
1460
1361
1673
208
1402
1186
1023
1243
454
789
1532
1369
1109
652
44
1208
1641
416
1225
1363
947
124
378
924
1184
1146
559
689
561
1511
1385
694
16
1360
19
1347
88
1155
840
420
393
294
1541
1113
968
360
1386
542
253
368
1265
1334
657
1060
1329
1448
934
587
1279
1576
1586
1166
1070
526
645
546
187
1296
1388
718
982
231
276
501
863
90
815
1558
604
485
1192
814
713
985
296
457
856
843
1183
826
322
1535
825
760
1678
1340
434
225
1063
572
737
220
1464
1392
1546
1550
1403
111
488
1200
676
184
286
490
346
743
975
1093
786
1100
1123
1331
174
1316
939
113
970
1355
1119
1207
418
1079
1118
800
453
1506
749
1559
867
229
1267
1235
1196
410
909
1150
905
267
897
1041
8
1120
1608
794
93
89
954
1399
746
1474
441
43
782
720
1351
1089
1230
1253
875
1018
465
382
1613
607
326
712
437
531
656
1482
1293
200
960
627
977
548
1302
407
191
541
1044
566
436
1257
1245
362
1564
335
1182
289
323
258
1286
1375
1124
375
224
1110
1282
261
701
799
1384
1078
144
664
666
650
1264
816
175
193
1569
46
551
14
422
1136
912
135
958
565
519
774
732
673
252
853
966
965
1270
1416
1485
767
616
197
192
1675
82
943
918
711
714
852
880
216
930
37
75
1313
1629
1008
92
1567
273
1483
901
1380
558
400
872
1450
1149
1322
1581
264
536
885
1139
1049
2
337
464
545
110
1272
1480
591
1603
874
1032
476
1491
185
497
723
1538
1102
1504
1490
1371
757
793
1174
654
1368
1290
78
636
1501
902
1048
1045
126
161
596
1394
1338
710
402
659
63
1467
1024
118
1212
435
812
787
122
1027
1449
1067
68
1452
1121
165
683
1471
626
1083
316
330
634
1154
299
1163
724
1648
889
1241
527
1017
141
1562
1099
121
1438
475
291
1034
835
773
23
70
731
1220
1544
1175
679
1307
540
1096
525
109
917
87
562
622
1094
785
211
155
949
129
1327
1533
1013
1456
107
603
1315
959
908
962
282
876
1098
957
1350
848
544
1671
1176
1652
969
204
1381
928
1321
474
1461
1162
1431
1607
199
1557
1043
680
1611
533
1198
1159
595
1627
1010
855
302
613
219
950
1636
1457
35
1478
1503
821
1006
1413
1108
137
1320
1172
1356
854
163
188
461
91
57
1236
203
1354
1026
288
311
1631
17
831
385
1058
1216
1548
1409
1022
198
1531
993
467
1400
512
338
910
1057
156
1640
496
850
1130
221
352
1635
1656
741
12
1487
881
630
179
1004
1115
899
778
1287
52
738
1437
1412
1187
1621
849
319
1358
1280
21
450
560
619
1050
1054
186
455
313
265
964
790
1127
147
753
1278
1260
1285
1142
1518
1233
27
766
183
341
999
1167
1065
1138
1441
535
234
628
339
228
1432
1336
775
34
1226
159
168
1088
898
795
244
1074
517
1408
428
1160
1169
150
648
988
1116
312
1617
719
1304
1651
1665
553
471
1238
830
695
300
557
996
223
1468
802
871
414
226
1252
735
686
1077
1215
1593
869
194
1014
1205
478
684
543
1447
1319
85
798
61
765
1324
665
1466
301
1332
215
703
780
1589
1521
218
974
95
452
164
1494
262
1420
510
698
1527
1594
1248
1318
1498
383
932
1658
128
878
1682
522
1524
1191
15
682
405
1141
745
936
801
390
1367
463
1029
764
278
1512
483
1440
807
792
844
26
160
828
754
1247
492
1451
1397
148
1101
1610
79
51
660
1475
706
1387
1274
1204
579
1016
589
1669
284
1051
315
49
1137
491
1604
1500
888
259
808
1639
1568
395
571
1505
18
1681
921
347
637
1323
10
797
239
433
1575
1071
343
327
115
699
784
7
1317
1055
266
1275
1161
1458
5
167
1111
86
370
83
171
398
1526
1643
1509
1571
1398
1588
406
594
990
781
892
30
247
162
373
380
564
1488
1638
865
379
494
1556
574
1666
1664
672
805
1417
916
600
1038
585
1209
268
528
1572
877
442
351
983
1240
371
235
446
233
893
363
1472
903
1345
112
50
1030
236
681
1370
658
1377
635
1206
646
845
739
105
1653
638
649
1489
1268
1189
283
1339
1598
1202
274
47
740
1582
524
209
663
919
929
925
859
1463
1308
728
1654
1134
884
1620
1053
841
1217
1015
1660
938
468
1042
1393
1295
1262
1312
839
1590
779
923
472
894
74
1352
207
1133
439
1273
1326
408
214
222
940
669
227
772
1305
1188
1348
620
99
887
359
205
978
212
1632
304
832
431
1430
956
1249
1668
196
364
1157
922
1499
1156
1062
837
1239
1670
677
1170
1570
1633
189
1543
1401
449
1131
298
1459
1342
971
404
608
624
1410
250
500
873
1599
348
927
1585
953
426
704
1284
40
240
1221
979
926
866
709
1391
412
752
809
324
1496
1232
763
1173
332
1052
755
1674
788
1534
