200 200 674481007
165
104
22
65
3
44
125
52
130
10
50
84
147
42
174
51
139
150
110
75
24
93
90
56
67
38
188
68
59
45
89
20
53
88
78
166
112
41
25
7
91
36
173
164
117
161
97
145
194
1
54
103
115
118
189
114
19
49
123
80
9
140
106
4
23
105
151
127
160
155
135
31
26
2
39
66
169
136
79
58
43
77
153
137
27
40
195
126
17
162
184
196
95
62
129
85
63
107
133
120
14
180
144
87
159
192
5
154
94
47
12
181
183
98
82
200
158
101
187
73
55
57
102
60
16
81
132
30
99
197
76
175
134
86
138
146
71
191
21
18
143
199
111
167
141
46
15
198
64
28
70
156
108
176
171
168
122
185
8
179
34
37
182
113
61
190
149
193
11
109
186
74
69
148
32
33
29
178
152
172
6
116
142
128
72
13
96
35
92
119
131
163
157
124
48
177
170
121
83
100
