561320596
626389226
696669037
684015125
304404455
517590645
671640538
186924565
634727356
22927158
702707925
286569240
145421706
423840781
546311488
338636688
786829132
525829412
807792627
432403823
693655882
594643818
383029284
770219440
646718914
533123724
797244622
319984471
354891598
664116678
363958310
4151766
113030463
341257974
193808805
751745938
626461368
424575442
535692131
266924741
552974367
224848095
231975158
502798593
175556705
239420340
308865304
49259400
428842624
433564940
588257743
332590079
151307621
86383166
56776123
582035644
449941704
649631538
754808250
691927331
812213388
632605972
208489840
18719663
685114806
212832443
335648855
163465594
634803690
95824929
694647025
176699177
693205313
554216909
647999146
600873484
781815781
689570877
151853714
370186241
480946305
317472399
161979697
108568714
632335598
752499320
610682979
733108094
483651907
189929194
106632501
625552410
334261694
377206548
424678706
277180592
15336829
130087394
626770516
257637536
30313197
570714917
567120601
745255144
106363603
380353851
410019032
776587404
688085602
789765071
395074483
267019850
422063263
699947214
299971081
27530740
541631250
262202976
360883165
206062770
780659601
359826122
31165747
208095290
647728626
753065065
67304140
654360681
79305583
535745076
61950846
795848663
517575662
214572180
175804935
9765302
244812236
58408736
764219803
408762474
35395766
439072815
457512692
528172509
478718046
729352775
297641459
199482136
421013922
341826197
499846215
219914257
148873959
216490771
428466254
169879811
740023303
817081845
268110153
390570234
581884796
348447144
805819841
743383923
429766947
426366177
687574728
759837793
102221956
753960248
621465429
228644055
614176224
492749977
280607486
591577197
676992003
749286406
9539576
692279056
436477749
486276408
120835228
345810526
615601443
189001822
428896368
414002566
314399121
332589882
526214650
416166209
668159303
334097202
332759163
68137241
805901772
533360030
85389859
544425518
