200 200 826075721
65
14
12
23
148
170
45
161
160
90
72
62
49
128
83
123
115
154
146
66
60
180
54
190
142
22
174
82
108
57
20
34
113
36
153
99
124
3
87
18
194
91
181
198
196
132
25
149
39
75
42
51
193
125
101
19
191
119
182
195
167
112
157
109
111
176
163
48
85
192
122
110
26
187
5
8
94
178
129
197
188
166
76
175
139
114
168
135
127
70
33
156
92
2
171
7
41
89
44
140
118
46
93
189
169
88
58
96
134
103
165
159
50
141
185
68
152
98
177
17
121
21
158
61
104
162
131
37
64
40
107
27
172
31
95
24
38
30
150
69
10
77
143
29
155
16
1
147
200
84
80
173
4
56
116
71
106
186
199
81
120
67
137
130
52
97
136
144
138
53
43
13
78
100
184
6
59
55
133
183
105
79
74
179
47
73
164
86
63
11
126
35
15
145
32
117
9
151
28
102
