284331984
136676371
116985240
115738783
54183530
297370197
254342154
148549711
298454162
137867824
170362608
120496399
104832324
50507250
39689445
129839502
278971185
102003983
125223604
162838683
51022654
182049233
293365069
12979933
3211550
26593275
260649256
253322408
289208852
199725398
96174545
89321975
98690993
43858275
172852296
173979363
159908861
81608524
205733420
168045102
257449857
62764383
23416154
286072008
4153839
62719861
260605137
138486406
304350615
38282248
251407405
127736512
92953390
61930283
91191281
263035062
164560235
272959707
272864153
302990970
9485653
225996548
238144130
281994240
199953620
250745072
294043866
178445044
281017218
125858317
262866676
75968248
187694054
234020418
152531753
224981521
225635643
16314645
197186450
61130252
14646614
67393525
15989778
141001959
268897000
55789785
27754504
200021322
200700153
117375317
272086239
240070312
98976527
27872941
211121598
270370105
108218597
369998
227247916
24220424
256273226
46922510
246477436
30783949
304132375
152253776
262435360
178790549
295774087
167792824
125633744
225994975
101411522
303196707
263624279
211376545
125438718
33791165
9693385
28521145
24365505
27141691
138542302
277089323
44937835
302763163
112061242
192885415
176549845
231720188
225036814
15805138
221763133
135151415
1933698
165482109
80884169
288351491
145003780
15198264
222920134
85483089
204083159
243020970
18031015
250057229
11650362
309855816
200207127
22308199
34330275
215543638
181816850
266212917
139229796
88488800
273824430
250359693
138703547
1172889
106274639
141909202
230032779
127465466
177445454
212308203
228672926
54171430
108501525
189365543
190588969
84964088
246904387
210283475
80684071
124620479
27249484
134231011
195535784
35930550
288492598
238676178
41198552
27611782
83298087
280039559
229019569
114666205
39125077
20829244
62455340
119987146
79423336
86592736
249562275
68721512
211365789
146879915
166397314
238317239
202985976
44219553
105742976
271352555
101416056
135716636
86091762
152485496
186441119
97387679
207140754
130818675
158767013
21647218
3581357
182045582
39241919
238472010
49804862
225326064
27285721
289958994
18778283
95343053
139975146
1577610
18685480
267165742
62682995
86636569
190813585
56214523
91103443
79801592
106088571
234560060
232110160
289023670
292231230
102691311
4758924
159393651
213272693
2868980
69180864
47893415
36128390
84325059
115884798
116459032
159456220
113371968
217223213
82876047
160691065
68013114
28724088
210607524
279022885
158167020
185013867
188636525
141615562
10635842
248202927
86299110
648741
217130810
180884296
22427796
285772925
186658934
222949586
117864080
256820275
298868210
220892222
215922481
136991585
74725335
113877343
176305557
114915483
207288452
216594029
269689047
144124230
58916826
224528664
45041394
112615420
271197110
67906590
258470156
185564983
68427022
259746839
13363774
158414992
74458526
128005458
87604666
251651780
51340839
40514671
17083849
139770547
89222530
150701179
268239016
113914867
291896525
105395665
285106251
307790309
144357534
95489025
290646547
227329191
127941329
171755944
288464076
157613138
136405005
12940556
189510130
46388350
236247721
150781739
53877183
193302805
218739991
228369711
171643854
28101934
81066481
67480215
149105257
95276275
115373451
208040198
175884750
91826456
181565836
50686305
254920237
303642854
105455849
186788791
86690065
128628390
153775813
182330934
39842712
10773271
11598797
99349174
139856014
263409155
15745221
217532713
256380049
58720653
145730225
91679917
33460893
299344720
103818527
81726818
134985700
105846465
37018090
264609156
5347383
69595597
190785145
90671272
52775755
23081495
282339119
254180443
192687822
70200343
115552369
71833555
46256108
48441398
60707383
57954257
42978142
304050816
96379919
5302557
130963459
49128110
43643740
200339460
75779492
108831417
208842071
120166185
234622287
118357015
37158724
60620131
138086011
66605086
110505607
128878008
251781608
150319305
166944044
114049628
85676399
96108863
285847163
309989268
189265150
76699123
32838683
69714509
9260791
269642110
12904003
198360604
105206524
69556841
111195207
234703719
239956266
157223423
34594585
66801160
297664506
258749041
79345605
130968746
72076703
59286028
137592456
117651433
296336677
273684418
91288503
252332309
20822726
181087604
256363863
189150603
63877435
206177532
42829225
133183944
134173405
39323168
155385186
282259148
48343737
70395342
223014711
264686371
208724226
309684458
186018956
153553284
5199979
308326130
109357769
151219913
166525381
72979840
120049276
296345684
148809451
222950880
33865497
153781568
140821765
281017312
241847995
90014253
189528133
294000937
297730894
105568474
58513432
87410876
247760165
59814828
295074683
41392792
142968915
240515850
12003481
82501639
268009173
308919608
31936428
227092765
300701533
185669830
228055032
190516376
89877250
25088974
197166509
305332030
86306331
295909571
33191412
284190912
230518348
210572473
43838784
13215927
86318656
7077752
59738340
203544757
93868329
231643901
199044532
94746265
91492751
106350995
222668365
37397995
28756673
193052696
264525041
231778145
149004824
203645550
234329175
75318289
82129905
274458387
69388105
42880067
18926431
87643435
31783162
9295354
169046223
139510080
138526558
13928852
15014547
234897000
194766913
13214939
233387451
274590808
276373167
221310047
213448721
133241421
205045010
