644 644 703709701
70
642
251
366
411
237
191
140
188
91
325
233
413
94
393
333
349
56
570
602
415
175
229
189
212
470
435
339
151
234
621
486
111
31
78
47
35
208
65
148
205
563
154
389
363
4
416
606
136
193
382
128
619
603
306
365
618
379
309
406
195
604
357
562
560
474
385
468
270
418
9
240
288
19
466
303
197
74
311
487
609
46
347
500
424
223
124
211
454
425
132
226
501
161
89
396
371
38
550
268
446
51
259
575
516
407
345
214
290
419
322
367
556
184
302
551
581
608
271
14
479
359
297
450
15
307
637
286
241
42
13
348
277
402
475
186
97
11
284
77
535
59
230
557
254
119
528
542
434
317
115
571
568
420
57
494
174
22
82
639
86
532
465
73
213
301
218
120
629
118
3
24
76
442
68
426
283
565
104
469
138
340
310
381
622
451
32
595
553
280
133
72
305
394
590
506
50
628
247
281
386
638
200
165
1
589
509
294
377
459
166
102
524
544
361
476
395
98
177
452
356
456
16
641
478
582
388
546
194
144
341
262
448
96
60
308
163
520
346
510
204
266
153
554
257
526
116
152
401
299
222
548
181
503
427
276
360
249
523
224
409
504
179
275
496
248
495
291
12
87
33
236
109
329
63
408
383
362
522
429
457
176
502
623
27
93
164
334
445
482
540
594
106
485
400
49
160
103
316
529
336
8
514
547
586
626
612
543
578
79
242
210
55
332
539
511
541
23
404
258
28
579
370
203
605
278
498
125
52
134
198
518
324
566
215
323
436
187
178
66
335
274
282
611
481
150
635
105
453
477
644
225
54
492
537
172
267
99
185
353
321
376
44
101
372
613
620
123
630
373
643
405
530
201
2
209
100
246
433
343
617
141
577
505
260
624
250
355
536
315
331
319
391
472
598
591
600
596
414
273
149
71
627
412
10
587
327
145
39
584
631
135
255
512
253
467
517
61
545
410
358
312
155
216
126
515
439
632
85
615
422
633
67
92
62
549
460
513
190
417
21
256
471
375
29
521
534
108
81
616
206
167
199
558
314
232
507
488
583
458
293
6
41
75
328
390
397
245
437
403
183
352
614
525
5
387
431
519
567
88
572
244
461
107
364
221
300
146
121
217
432
597
40
142
574
428
228
170
207
430
17
455
449
292
440
196
84
588
399
48
463
25
320
508
533
269
95
423
573
564
569
30
480
26
421
593
295
58
326
585
499
261
20
36
576
202
127
158
159
607
131
182
279
489
350
636
493
559
304
285
264
634
113
368
238
180
43
337
491
117
157
462
444
351
69
380
378
156
231
139
7
438
473
287
112
398
561
555
220
18
34
239
392
374
580
272
318
130
37
243
147
447
592
45
552
443
192
80
484
227
538
313
219
483
497
169
354
330
64
384
625
464
143
369
173
289
137
122
527
610
601
53
235
338
162
296
263
129
599
531
110
83
640
298
441
265
168
90
114
490
171
344
342
252
