291623452
539310631
384851574
468651323
288669169
26179496
589025120
128372413
606492679
434939469
727971084
68429210
340965091
472812308
587329163
150177822
467694468
384806197
463730045
555752415
204052068
399726143
711877454
692230159
582168889
435972169
279608056
92661686
198346870
403777970
114484778
146720189
63694633
262853895
380619147
114308748
401290486
432207369
160692315
113700368
559471108
381406102
468404049
271891784
189347367
322929793
103535393
372355097
704680134
44810843
512974792
81271134
433999446
36657847
700553806
20938229
653969018
704854206
486272163
132268867
42946282
698875635
610805079
493627184
467064877
367431319
195639240
723347816
700747240
310148675
663961294
611796218
141020822
534640691
171286245
688947076
656237773
95501272
254773556
658597459
330075119
538258387
639066334
342453157
31955946
621587038
34886643
537627229
139077601
680539432
97742531
718318667
38353240
209700038
572282718
149571988
97036521
745657375
38146936
540339199
361784685
236640648
361420137
680492925
373401829
544164649
78220030
622143132
450556865
1218099
255921684
709365174
431864962
664739959
611466146
92772519
620127961
182663658
297172164
461068584
41253755
231467223
315758843
346332998
212429288
142581118
336938535
156484465
140336888
230374846
315102435
663446729
711290613
167058090
67598315
386316234
489631480
73515508
742588198
406627897
197881844
194275542
463253577
411582563
661028003
305543090
8781175
456120279
705360207
463846567
214867829
514186839
171770235
522696328
336762390
372351452
161553996
715775539
365777316
686342225
430588063
358135606
332233027
483904061
449395541
131588304
202362418
275669308
698757403
669115290
322393615
110871198
172322209
582198088
336194646
159319316
418595014
20214280
103508380
421845736
648882210
124686079
655666767
455479154
460648937
730246552
696110279
388345699
416758601
244934787
305669162
512102787
26291930
352099402
547035097
89212581
515031023
55266112
745944434
413236127
660639774
457388922
375665045
582198288
573920631
412238070
719914979
720356668
356708736
124791921
192787137
434627645
151198190
117644970
625668933
115527241
611503142
273028487
162463015
351640910
154956490
84703877
476096147
255934738
563736397
588246418
454852620
474688355
317677169
117986628
717077708
353908930
690888681
643874014
276076316
699360771
402680997
81196021
8536966
438714852
717328667
506786087
699391092
322148686
329015850
141640142
697477801
234028167
318781023
215680882
222583088
170926381
135817028
683766798
571217257
617824238
630681010
222038980
549843313
696951013
665690754
654421778
509847129
118192463
355688832
391187882
548576352
198105443
715655042
701719285
151766972
267950990
92250978
224084148
479755308
344305124
46879291
567340583
532130585
50310494
75810157
273790574
341465915
715990270
734111374
126311128
540838004
666226555
111007781
181976909
109305113
692323592
509110775
319205418
571627628
605569523
185066363
646851400
660150444
13537166
486157868
98700896
250270584
562156455
265407620
14858156
372313669
544927912
480198920
451603326
694108246
217917370
159651549
168683680
395638265
650092567
155290429
252169312
186250243
687774184
213129243
599129423
470564487
347655959
2545878
56887690
287114170
44028011
89716971
277575498
272622209
258279510
11940705
680962167
390142107
700442816
183108770
359976953
539091618
583182736
729101836
283429698
207870344
110178740
707892532
721072878
227461756
212840409
328237454
625301413
289697646
291904314
477273237
81693381
128054044
351326218
384282564
400582250
589144382
449821875
225138990
721968130
97881137
495378507
375255896
627392528
530268581
136721112
295809687
535078769
365481511
211027923
310486559
590477936
488958007
157568308
487427499
160444972
478140607
477757117
166259367
326390361
457908863
266912990
477377471
43480448
353221522
406022038
501113127
158744661
602588845
54962807
491310150
318257777
726207244
38437718
162979514
232427825
44108127
500996617
702543324
536860691
509405372
207301765
649434019
583732131
132340786
107164867
544009577
35527563
490622673
260357197
227592524
124615147
188837160
271019794
267073172
346411329
235915140
360679256
608707243
342031509
353336457
370053689
512991366
727874680
223652058
495354251
330114976
108008392
643898418
131326441
357790559
588161419
130111427
554657949
327920999
445584855
319496182
83825700
113092406
707110982
653861001
76138252
47525054
304675189
337972280
483508951
147685519
246690800
711434703
336658981
189958322
157554262
90791227
152348228
305365404
59407993
275610608
403468308
385534744
54299848
515248248
278717265
585818306
538999788
720550099
629374331
560747412
653880205
411172714
524120883
283629978
426307229
180234579
603628664
199769545
136321542
157766112
704900960
129652661
659615836
148326570
645457626
499473922
401464323
164286775
670810001
364680226
628855687
397035673
28227992
428395367
74875746
116865055
410896771
148600988
480169550
717243277
508829668
9130200
650674432
136278910
386750394
676460022
337559148
630437163
696619527
213447747
425685331
101595455
324256684
261390653
89848982
208449384
307804003
549934728
519842809
710129742
252389974
246110385
647290061
717164367
63152372
203579766
707241395
453376938
263572216
68534545
670425319
488330006
356520725
456622443
424655442
298646917
550714343
291026530
639445108
493882699
743510538
372876601
562329668
159323044
331523162
462633797
1537495
300845160
154300617
174437413
606665637
638105642
735646191
624700453
735358738
599939159
397313791
609184935
533909433
111738003
260092545
476429124
18002882
329855221
25540776
714822228
446587767
121974889
614991366
123126365
655251471
312487566
724902671
512858293
355867843
451221480
144664830
624078377
375932628
708487302
107950595
106417107
504557645
83197928
696369657
305866180
608237111
110981606
17455729
398668678
49417198
286664134
50136261
587297238
697911454
671720567
442806600
47355761
715532112
96353429
158272725
49199741
96938613
590934320
136443211
257038688
665889967
250463190
78696077
511121288
472620785
6428071
457147775
350995032
231844175
616978241
691703204
95943291
651958979
418995162
289329520
104054529
233122888
381752185
303848926
24285320
373767131
81574407
630615991
581207207
620912542
264348671
553229682
393394314
575113958
732152241
474108953
6311300
214153044
370646210
723173575
195352207
558035048
188079003
551673117
49510248
491801145
506068366
21673838
2299611
707185834
437506795
154182057
175887022
648635653
519651531
407029013
259357047
695620219
609532901
620833948
654547582
9915994
31399598
85549276
300682887
185194769
713230733
654326108
278895043
698524276
115757969
434073257
644735468
530242957
325516670
66208241
352856555
684941914
81660443
26925489
31975980
509806543
669884184
131541518
55470004
163246685
683414819
282013097
706648100
243070894
473479034
282019250
82754428
90024423
713371815
363368354
719499890
459000466
99659714
464094667
313798254
706776889
491585788
345969308
310697809
652405029
596078965
245210852
399018556
672878794
744744740
743556583
643929686
270557234
687554494
354636817
624477462
691004792
236371387
362459338
306673229
311250608
645155198
397365464
626782346
451540249
718851274
252583112
670791561
107896482
608497684
126988855
744291273
291049962
475978218
741076423
360022644
285392763
586266511
383019462
471855059
469776822
616967043
242873159
145266662
257677002
612407314
121667012
748045469
440932051
604827455
87056091
344369533
95364328
742815354
53961648
347603832
652591713
497539691
196767616
113271326
300787205
133236626
343473989
409304786
225601741
474931635
137749727
157013670
116674102
378664525
487034226
390841285
40861138
496394605
7212111
559891964
15799144
371793456
499072290
289684354
667089348
518931396
189284077
67722533
526481272
275064469
659696252
644141833
192034349
366427335
678520955
174483650
288076684
588004601
497718342
217159694
324730969
109450279
467502794
147781661
340795022
624411284
72610920
452902821
573431133
577790487
726466401
86672046
14506028
167817635
148994838
277770968
720446636
591175490
522212601
213573474
475607628
527270487
13030148
201677524
110096227
65258010
578455201
100303325
371027482
187458210
564205031
202684305
77534196
335095381
185318490
156155210
417323239
715209201
445655195
539051442
296857062
604851432
125746829
216010676
554534408
287732851
255658978
228595045
652878989
182243553
572871699
326473145
534633796
174845146
407939560
127145671
35964430
199972541
516681409
142004564
112436215
414527300
425973765
229553669
147515047
614310531
623190692
311317241
390168
10605474
249364717
239682004
67656655
408742198
213966574
2780597
570491878
708529912
619112607
414693224
342154114
24511245
455142874
40480002
704363618
345021055
579521164
368225012
44759423
447034197
418511165
734672629
178142982
596356403
588019681
535038144
726967559
532403982
378506777
476584115
45643995
609287375
404236564
66781572
175989953
565459173
728661255
410443506
29223260
665950712
725868734
244822848
526929485
21084144
259456585
631110891
397167092
741957286
255518678
349842674
719772015
662349714
122816639
482695125
645621975
492806929
629325484
257243116
32581491
437894971
266609894
35830011
240088087
163382709
2387034
431599836
173817564
583962757
642419690
598509513
481627727
172929505
612622391
621323011
527110957
579413865
610774309
28673632
8879870
23245799
231394653
729788701
692121391
414410556
606837715
328417280
209037415
417332745
449028344
636393589
110591113
22112433
706135200
275690339
12073028
135304755
343422864
295742482
446527272
341760153
376068819
418311252
181750016
396267005
510515291
67626428
212587642
27568457
192959211
275447489
104919392
681418482
610263979
287970743
701800529
320637908
504257947
650531667
259431711
420294048
220470013
58910158
365845092
399817805
416284752
668320108
615439505
443479216
395738626
343424924
191511072
605336490
230070524
