1000 1000 748237177
348
832
580
739
984
883
513
15
560
12
551
715
873
865
236
616
90
25
460
155
585
829
696
199
486
603
257
37
418
198
179
703
838
329
276
506
79
435
23
75
645
918
482
856
987
822
149
564
441
421
857
798
940
151
290
296
365
963
381
453
511
640
69
855
261
517
282
753
721
775
137
843
730
915
300
964
740
931
893
291
682
756
962
377
852
540
434
193
647
946
890
406
689
119
492
679
864
5
944
176
242
591
935
366
853
749
705
324
711
681
62
565
207
22
500
977
606
285
414
394
86
175
765
252
923
697
550
827
642
280
11
863
552
347
871
686
821
338
937
45
604
539
376
266
463
116
410
305
18
969
159
270
132
405
543
731
592
910
440
985
546
631
678
393
82
909
97
345
142
246
819
431
357
497
380
8
588
957
818
230
237
509
106
933
335
787
665
508
958
720
349
219
107
364
571
668
253
426
848
762
657
747
568
220
322
824
743
223
263
391
785
201
428
810
146
88
123
830
626
232
245
618
344
174
178
184
126
9
622
54
407
707
53
227
783
828
443
834
156
866
218
128
140
57
661
68
717
222
432
885
117
458
524
724
965
992
35
444
244
493
456
409
92
334
735
990
427
248
125
292
816
136
521
617
555
567
938
949
359
723
392
921
727
788
243
633
851
281
569
436
971
635
473
897
734
445
1000
49
233
621
209
672
401
529
936
709
352
103
271
934
861
998
982
590
191
664
467
489
283
468
999
67
121
7
961
173
846
333
363
214
404
471
887
122
203
600
545
17
370
752
476
330
609
535
461
202
212
260
869
796
667
573
793
299
601
4
553
630
533
496
994
687
558
528
572
947
849
28
47
181
619
789
586
926
656
310
835
42
238
811
526
704
894
254
350
161
675
536
313
519
655
61
980
875
167
710
44
337
595
652
93
800
716
802
144
732
91
481
773
55
336
698
204
932
582
396
234
425
804
228
596
168
41
72
127
641
419
636
287
388
746
6
726
680
602
73
307
389
927
26
629
718
512
649
954
570
361
886
46
988
593
956
795
868
437
38
989
542
60
130
767
351
462
911
922
385
960
153
669
206
501
386
210
646
608
904
761
76
872
955
654
85
794
249
666
384
920
43
806
316
211
660
56
979
447
2
182
757
929
288
48
579
748
371
858
981
643
114
231
255
256
902
813
754
583
688
286
3
21
216
400
36
901
589
24
966
100
959
131
805
801
970
850
289
439
972
899
120
587
354
374
859
494
713
50
995
854
180
163
340
485
673
262
719
10
412
375
402
105
360
924
784
504
888
562
328
670
58
332
293
625
323
764
143
797
844
110
186
449
634
454
613
663
880
346
523
64
683
907
876
632
356
738
786
241
862
112
781
314
59
597
422
488
208
239
229
695
70
342
66
914
187
925
771
162
537
807
403
306
326
986
744
653
430
279
780
576
331
939
900
847
479
913
297
836
839
217
945
708
258
113
308
699
295
531
438
889
429
355
837
891
398
538
78
706
135
803
742
278
442
639
763
662
527
164
912
464
104
268
395
372
701
301
515
644
534
996
530
637
80
522
339
684
951
373
89
736
315
518
790
905
369
311
916
967
741
480
860
189
778
362
77
799
264
728
96
598
298
898
700
648
766
628
624
737
525
975
745
251
499
544
169
477
690
491
188
32
108
303
623
607
776
368
833
320
651
148
483
115
94
411
769
30
691
277
84
40
782
516
379
659
599
658
417
27
991
842
520
774
63
415
273
129
903
514
563
304
495
614
433
423
475
33
99
892
34
941
387
457
459
138
466
177
74
919
14
205
751
226
240
95
845
650
615
452
817
948
274
809
541
758
200
952
503
309
502
976
378
192
779
547
158
490
792
170
694
420
1
908
772
145
498
993
319
820
978
505
31
424
611
185
124
983
930
134
343
610
341
712
729
157
554
879
160
702
733
620
950
917
566
294
685
284
265
13
605
141
575
446
581
221
51
638
118
812
840
87
470
478
750
557
408
760
627
532
302
770
548
102
578
556
269
133
259
194
487
19
166
213
973
671
165
507
953
397
884
318
358
814
725
877
714
474
267
612
878
831
101
882
768
777
874
147
549
16
71
109
416
808
584
312
692
250
399
81
235
83
472
510
677
815
455
906
574
676
383
674
152
111
225
65
469
841
825
823
321
215
195
895
577
896
594
450
722
52
98
325
791
272
755
465
870
353
367
942
197
867
154
247
171
183
327
382
196
759
881
451
317
390
413
139
20
275
150
561
448
693
997
928
190
484
943
39
172
29
224
974
968
826
559
