53980630
34095054
129499969
51444792
16688806
168736130
216772520
130486431
196767965
190764041
17286824
196691106
12875216
40208946
1492479
192668415
7031530
183827291
137479490
224558775
31598328
79065988
107142384
166732157
213515051
5576628
251119458
72330219
199777434
206308779
177978922
61107290
124088835
232866907
58125295
256327001
90646959
203387732
55698131
72842929
211007105
106642424
127599462
43913518
233609188
7731214
223901630
121830904
50195164
121092465
202541782
34311203
194159666
125693778
178940616
181034921
165248066
69005639
60456
116097504
96247355
167034728
142952114
163608493
2576200
100821165
5000642
199023031
93285998
210683621
157507104
251065752
101775408
136918492
91266785
121804509
201268161
197238359
121866800
96622429
55519309
13894781
131057847
119427697
75769384
222202206
177609065
243541417
50189183
217398892
19018036
101286508
220429777
234667113
102310931
70065793
159724659
117688360
137230599
223080987
201762869
211202809
233239888
215078428
134663062
246470842
152579023
255883302
161652605
248996753
242586268
52640958
177675333
93006657
18136645
182724609
38280295
102069534
103379146
252071315
196669648
215287904
238876120
118164289
26607519
66576189
159771723
71849971
105990699
143031711
218615547
91144
130426082
50710812
83468105
114347994
198947701
98527407
141523821
100381968
232261402
84653168
6498427
162546195
48245916
124818266
22987254
89055674
155609998
12287836
35718754
140992021
89750266
254113159
117802266
22010385
234135402
226136402
107551010
153787854
58361937
145703403
71227871
85075635
218716094
146443438
18152078
13509894
197062263
80766286
185445275
140576046
231376893
46865651
186655814
25793086
206653969
146460738
195225621
167503430
198788353
158605059
233909158
191718319
112089703
132615124
35624770
156163518
110999482
216591041
195891897
84384690
140764866
81034212
182434672
248279173
628557
45005685
56663131
142763106
98833823
228888720
139302139
241627733
126675267
142653150
116574141
46284314
60849273
166716852
64724344
163277544
256283527
141993354
174472990
97539080
213668862
217923392
210917362
237127945
34030107
174859246
188999937
10327655
106229739
125936337
32997741
24912368
195325919
12348388
192712340
31794937
107420695
75750684
79548537
229816257
225594183
88361568
252912396
30193637
204048447
249486206
179545722
222271678
124721961
119892978
248962159
239917320
162970308
9882112
174732938
94790051
83176297
112126687
245515988
79510529
172752836
61684971
112101179
58979853
75367079
119345577
80175541
85102990
20068773
178806636
29813902
234757015
86141969
1816257
146733943
140963680
90383883
140208128
82086010
153150319
97615453
100133832
230775845
57096368
110811388
181449800
136213833
249723869
99350208
36596345
251403636
121278100
56432155
215821125
162509128
252971458
13784454
40086115
44786117
38263705
205461177
205750760
43690371
70955997
47806872
210782459
188178362
5205896
17542337
245686117
63786706
224591210
213962054
188075096
209753591
193541779
171059341
246027285
178420351
28779527
137961871
217673364
144699910
110752007
221140111
123556302
237168833
131837377
55412224
161808817
57524402
219469604
11117203
122819758
9940044
154647301
10808470
186377893
58875842
110717590
238411293
231887952
239189762
218163874
12148045
2205484
21904029
232895283
226239143
122938132
108533116
134579105
164881076
33284228
118597347
146484714
152313124
231013962
119554768
29688110
48934085
154530587
148275040
66708141
120714118
90174103
73337658
59567119
211440593
142627471
188365271
91243112
60475406
204438157
19461478
178495394
66468246
231337922
118806417
40188076
112738993
73539208
88431875
228772473
217632989
7597600
70943012
15122382
253999381
235662261
59493911
240422203
81228405
43994764
161674291
235905935
202484246
61590213
194090419
212476387
143064060
240452868
143555173
170063035
178595586
89949419
250993380
98165711
156351994
251271455
42201764
44903152
199398048
167277983
81305409
52101671
71587649
209833889
248393765
46344099
99983655
45067309
13657110
24557464
110847537
197263645
100460657
56545135
117470181
81539384
191627815
247600758
250193843
174597644
72154108
90702119
221618019
111879672
228012517
245089615
67015534
27623660
177591230
90408337
232915453
101008523
77990060
124423193
216115239
233257725
5132483
81431192
257091465
172141482
181989279
146218395
38724373
39800653
141896721
230087465
114673945
174737595
26067691
7367971
81208923
242633284
12278348
534991
14646817
42056311
66635060
56514679
141097159
149566354
101936168
254271440
161670059
138666287
210714442
233780995
13989233
177686026
232289512
83850059
217757723
169130620
23187549
252113527
217989217
141511429
12502652
119171686
255471546
234901860
172017984
30228462
87698545
207918591
43405019
114361568
9008109
241252375
82394848
194244373
18110145
69408094
201602911
152279972
18251845
175472908
120318682
234505454
187708271
44996416
132725862
113675216
139630382
3675417
44956014
104817199
54140554
228679929
188850055
123881732
125876262
26353982
155387466
54025993
54871169
120016628
66420776
126520006
29783270
218010583
172203829
194495332
230688895
46214283
210348545
249837878
196290205
26435254
36632379
138228548
150965924
186935660
5431734
198873605
216455865
18432512
125130658
9785597
115339421
169547947
232818804
67470733
133441080
123117924
194169264
245024794
244429438
110314100
52632864
170603738
95442198
131455410
193975129
16292503
174059985
34489122
157937151
177944571
162237268
161094302
250789897
10650801
62476592
79256945
119404818
29659064
224989939
12614604
139982041
118255436
251361364
222923986
81918878
212005389
39784469
51857809
155090294
171192991
91818310
190829883
12220943
100477576
203901532
20455530
126031662
62646165
3789614
81524729
21155922
239223133
125534042
76068105
159934146
256529267
231473462
180659753
173520033
137318140
177353756
207853207
52468412
103294573
202970823
57660447
187101119
56588253
745373
41644160
212938150
2116751
162916521
77578393
135700501
114662727
220569631
32359393
17493213
191149604
174906590
217547016
84900908
140004465
20901439
54834255
69933260
155525360
147583071
230482819
103300193
217002376
204122429
197667649
213514049
164724456
124285372
17654707
223499782
212755102
55330262
18576251
243259938
76095864
242582590
219792054
117994865
57961696
185135072
57158101
63783136
99131410
150810703
193491899
136708050
200967017
129176229
16279589
33558200
70444317
78221151
107517465
256973416
99547717
48871625
114992064
102969508
218612322
191601702
55518953
140096278
170645845
61778707
191888619
36301213
177362210
240008248
75021488
91594505
74360401
20564898
60954902
199508076
55670859
139538986
142925762
212696372
68189688
174311275
211645376
66485120
83963890
247928748
69588014
106658502
235966653
170693513
199110790
7929790
181909886
15559757
160418563
34085963
117009469
231375889
149051892
100343473
191337699
108297945
4910077
143481670
248052286
142705092
17095177
99576761
83642744
133276098
150069585
88790324
75443258
213446714
74207740
44478449
242266954
237020985
211506327
95988862
120515496
25128865
219277354
253402613
75223431
214537476
215923633
244209176
54945977
102042269
246579940
55200942
179095023
152121350
167920010
136433167
79634043
87893021
46097117
222879206
124338048
27835621
60206074
250331778
94880090
227037742
3412653
58050134
214806263
119958583
194345621
94923078
214422798
43399622
165960190
199800913
205874488
186344281
172217873
213685989
48359993
85314015
25014629
87001931
253319445
244674618
40904510
88716272
11362329
3222947
12643826
162817021
232993246
187821208
144670842
244610144
213742087
141695470
87922996
121251797
203788150
46801676
5983546
164485576
249352598
195461073
172802242
221863037
190005672
182961810
79362022
257208247
214765782
230777843
109389591
56860421
257735869
115321882
206685952
127667281
144337608
139582121
73171150
146417991
221155323
257303540
123642487
122659414
191038780
122419903
210254563
226804238
101045809
73583235
61855613
199396763
104974730
248755648
87817336
227692174
44174740
15593906
2576233
81646820
105716585
31064204
99604899
187510493
129598710
234722986
191809793
19111772
94650944
210467055
122609226
102463441
206948911
118329356
218585245
8365738
124847948
234798165
245916055
49861037
114446601
188936885
193069524
103392001
190144004
208913996
8853748
160576217
76125136
219326771
200054378
65183309
61191403
191696268
37365218
181404825
63979062
249674282
161019332
201620129
248567816
101159396
10882464
79895804
170803021
150004448
67935562
84044585
123558526
133043623
10876684
129916050
184881443
66046532
106291268
59515487
159236385
59162685
231040274
6076023
71011588
133432086
123362672
186603978
66933195
124288213
109441509
27643681
87385292
44619587
244975051
154715362
131015380
231289556
215649586
196494116
251869110
204739130
75228691
236202479
83905021
239499182
21416963
37427577
167054618
100593399
202414098
155092405
216414902
3485321
82198204
192847609
59229436
204830921
92473958
109890602
178354921
145946091
171583806
82669176
132105353
196420111
6427306
219080608
92931275
123881429
23236392
72691547
57524558
25347681
39552422
6671272
221329986
255750973
1652872
86663139
54989615
93819973
206421927
56503612
71986785
128687315
78539288
79376809
101509646
173413040
228871594
114421362
117188019
93285809
23789500
231280906
8024974
159033085
241468003
25127098
236931757
84528856
117043621
200778587
177885185
58523062
199281587
145653136
18726936
242490171
172489826
235704874
32528321
207511972
147646232
152229085
78768477
150184597
208726897
90999651
154057781
217881890
199965440
192766996
191445417
