77717900
474015932
335386168
382593094
52534326
568266842
29281304
615899336
367052842
274662908
279281106
266313632
236745964
109422404
162821100
319466654
194116494
523653156
510856762
339426620
340573662
267382726
128810292
321265646
584652848
392712242
567073234
33844954
503451156
240598436
281839090
587214212
168970074
48339408
62439000
568083750
545247274
349796772
516899812
514311252
311141350
127867870
437737898
480531116
605980726
553607652
367899038
151843120
68337750
153587324
63892582
316724876
203227544
507657306
497196622
445658616
266853470
632710884
598770094
273647114
446031144
62056150
26483392
486331430
425455290
456515150
258256310
11156236
490768564
291711992
538039788
26549250
190135270
380671356
173449198
298682774
483039752
254830290
316360954
202813988
178941776
580297952
20968870
289492372
598572780
71471556
446325490
540253064
126231040
343481164
517518482
63343046
63922144
400056644
496113098
224163862
194561224
393975946
306536308
426199098
322408086
530935574
384872072
116055082
18255926
75866674
134042064
503842560
108054414
528129940
120458806
46205432
252652504
591549842
33936682
462063134
358720154
64797720
96062538
629769088
109225948
295722336
506527424
615556370
177229806
225544436
123809686
91715936
541158124
466155118
209602796
207056590
420321876
590444972
259099334
593768552
8494980
215158866
465092472
28710552
229685560
171747290
166234848
296321766
633392682
360127898
442987038
272269322
22626162
395880628
47569106
199846348
608255544
471030092
271633232
349962600
147926896
49937654
559883350
502711092
495918722
174722600
257148710
31611658
144073722
451461972
352246648
234264472
471218722
622018748
345356232
45091956
489935524
414903450
546979264
141388988
71123000
12294126
438657830
446133870
135748340
153701600
116931126
532744888
329642950
391163448
209285778
383982638
324406082
496514850
472662164
57575726
609450738
222842724
194104014
538183672
300477632
40511380
82913272
347958910
34604622
291487222
293117474
500645314
357100380
431212184
464306492
238892072
361741588
411620352
411027032
617713642
407552782
592513350
282877192
32729762
596844950
102532924
368386044
8352292
440563110
402054354
602218526
190453094
546963846
149194204
341428230
21206744
52991406
628096300
176594916
318522022
314723760
354224104
580297172
7837960
444581228
289983538
474728800
14270516
399168640
215783958
293318558
537969172
16681184
433796896
312590434
143797680
285293502
121003948
102427520
78139490
334552478
618926672
221282386
312880178
174323396
570725688
378148706
30200768
519580594
491954788
215015170
123701500
161064540
160014218
349258962
269811906
214542354
545224030
425855560
230902178
583213176
13247442
374657738
74260342
208142844
84074614
580717462
309792964
51610026
437758230
397106788
336114974
554485490
156290680
72268794
471575000
11344060
356175092
629261152
559402220
331657222
28671760
150690566
279512844
119783352
198057938
184050164
267034976
173695002
470121522
331565754
50974040
108769076
274809054
221895960
493370124
202929038
111123636
13684398
419067324
581359220
301343562
560632046
572919438
549271398
471433378
522353676
143879528
430093950
399651200
294083712
510465930
224627208
442764556
347082216
117529542
225384354
447069948
240228976
541110700
305309082
374569078
486794880
246142520
346813636
320920236
510915834
268219224
170897012
190090602
103281568
94054402
35784970
633032868
190440770
14220154
186161222
93605902
621918310
243947574
405190188
320326708
81660748
432718286
538158270
482004458
39146666
320346182
322360298
207765142
202796776
573225458
577047874
530630594
165022910
1722058
564786092
150401472
414652966
370442254
478557170
375265618
138382842
555316190
134663776
597685894
217647378
342831372
500006130
481939146
419779698
584707084
112014552
40555372
445122626
610881544
527389824
249515734
57955378
227453538
535801500
11549330
261515072
519580802
22539582
240833892
307146190
36476128
10039198
28480764
413896028
151327280
349953890
154112530
189292038
63093862
92025154
222980706
600053740
218598016
130696202
24193988
127289370
564338684
7833228
155678250
302746106
624156624
421337384
49662288
301413892
183564758
583405836
72512076
462702266
476121360
426853284
263855176
185665688
199024566
496130908
440801820
484180840
123335680
259353796
60784724
381087668
329805554
607231858
529318400
445094208
251155398
26375206
323084320
366889510
621564086
53346410
591149182
578913790
564785624
238336202
162584838
9658246
171766634
547697280
346471112
257043930
156432432
1034488
599562964
180643372
213527262
233715872
274768754
290792476
314915536
62053992
208678522
273558168
513668038
167333686
456637714
574036476
379730156
494579904
377937534
491981880
550310358
218797930
88090002
264252118
260389974
526226948
453772228
301423486
429172848
89953916
477109360
132087852
592464834
494520988
316781452
298349220
126072430
557100830
426336118
537458116
356273190
303581512
207089012
278036174
401711544
496235350
1976052
7778394
426904088
389727962
521521468
409077968
529418760
442548730
35490000
100914476
349223134
415370176
526588998
388368058
444342808
415248964
194260716
155876942
455795782
314790346
128582090
238822740
486600088
248787708
410919314
253609200
404998594
223423356
441460136
73617466
148164172
143602862
61859746
274220076
403644072
284929658
567802430
58750432
202596030
436457112
513318988
356410652
549805880
5066022
162836804
505139258
514287956
539916884
424766134
61520628
211206762
391506700
157102166
321355606
134028362
494233636
296455406
85310238
458445832
628000412
520637650
128413298
249278484
37831326
29753272
168241320
30781972
20433296
255249384
278342714
291087966
384549984
249832856
37537136
311178660
281805342
166130198
287292070
49738182
472727424
221251056
577893836
51906686
291621122
116184640
238217590
74135672
354420456
313367054
515428992
531314446
519426518
446092426
305200714
114125648
538097768
17379668
567917792
382097950
309065094
618302646
525741996
419151606
174577520
388198434
47035430
478921040
182979316
557142482
624110838
220324598
125494356
440723010
144802268
616060354
457418338
91327132
73456370
101776766
369504070
267329530
433425096
133725748
621940124
141539476
428914096
73547994
