632 632 636184718
225
92
278
463
329
440
486
576
217
58
480
275
47
503
166
418
170
249
185
104
467
349
544
611
386
116
253
96
494
119
500
312
602
546
424
220
184
297
364
384
255
51
554
130
214
134
488
415
382
10
432
632
376
580
81
485
588
397
223
317
123
569
380
411
128
173
499
66
45
266
426
464
299
76
603
359
512
630
199
555
385
368
529
267
609
501
99
77
599
585
276
153
457
306
548
40
192
453
124
98
438
148
272
67
167
117
105
542
151
507
232
477
59
44
235
518
450
509
91
75
33
74
246
163
589
345
313
436
311
559
61
50
498
279
590
551
413
68
553
150
229
570
111
370
482
491
515
114
377
340
615
465
108
41
334
141
462
32
37
405
49
431
162
71
46
575
619
395
566
355
617
283
38
28
478
338
356
53
536
558
56
614
245
164
284
390
172
179
442
381
528
439
412
335
126
347
101
22
224
587
106
110
346
487
80
417
502
1
563
120
314
282
574
43
243
469
455
54
538
392
295
291
260
302
308
2
383
496
331
147
4
241
597
429
552
564
343
118
483
452
142
271
445
20
476
256
115
623
557
596
613
18
19
64
301
514
303
204
549
591
607
451
6
430
625
562
307
324
375
79
541
379
131
210
89
582
215
521
446
577
348
354
568
180
177
310
357
401
367
490
73
140
362
233
427
358
289
70
7
211
238
300
285
510
136
161
396
586
535
294
425
186
391
315
15
366
414
280
24
448
154
561
287
63
406
330
352
459
187
369
143
474
437
95
593
42
263
102
565
203
394
156
55
112
579
165
361
423
524
472
560
443
202
78
208
322
545
583
87
594
209
419
94
393
318
600
129
520
534
616
181
572
540
149
121
519
293
251
213
420
336
176
257
592
237
190
178
543
471
231
97
337
516
60
475
27
261
526
304
489
206
409
234
191
353
517
82
195
403
159
444
226
145
200
506
571
505
207
277
530
604
169
198
189
269
339
321
52
138
598
268
125
532
3
373
197
72
135
522
493
12
525
221
281
222
398
389
227
626
620
511
139
182
196
454
250
259
171
504
479
16
201
388
228
360
85
48
175
631
244
247
332
402
342
328
239
627
581
351
441
132
624
404
595
399
252
447
461
458
606
26
363
86
473
305
8
188
410
69
416
212
492
274
333
601
612
152
316
523
240
39
327
422
265
146
168
21
433
290
93
584
296
35
435
100
157
194
421
468
374
17
365
113
533
628
218
107
144
547
155
508
456
466
407
193
610
629
537
292
484
242
372
621
88
133
460
325
273
531
219
13
205
122
323
83
319
14
34
378
9
216
341
527
84
270
539
109
497
29
286
326
608
25
258
248
57
137
513
622
470
481
103
36
158
618
31
30
62
578
449
309
11
288
387
550
160
434
5
556
264
573
567
23
605
236
230
408
428
350
344
262
127
174
320
90
298
254
400
65
183
371
495
