567 567 992239006
154
169
107
565
178
93
267
66
354
79
28
238
369
27
248
379
360
271
65
83
117
202
89
80
344
374
43
385
111
309
433
160
180
165
338
364
426
122
260
278
462
404
104
451
495
356
496
469
325
487
455
217
522
295
91
205
330
408
263
310
33
540
293
218
416
521
302
90
288
40
290
170
564
12
382
381
222
232
71
114
252
141
399
197
21
306
304
389
256
431
86
552
148
349
566
254
484
131
415
334
20
472
151
372
313
233
201
172
537
19
512
352
230
76
419
284
342
272
281
396
428
30
448
144
308
17
1
474
371
464
297
459
53
257
446
542
140
125
503
153
317
407
135
188
366
273
301
536
22
373
36
105
508
547
477
516
69
319
128
51
362
276
546
134
171
176
361
215
249
324
481
35
179
10
505
61
283
231
450
123
340
442
368
195
447
551
147
269
239
422
214
99
485
517
316
425
490
282
300
166
395
240
440
314
44
15
436
339
227
303
31
453
213
241
16
7
513
409
311
393
58
307
358
494
394
292
480
191
322
59
414
177
538
158
39
375
390
50
139
162
268
193
473
329
454
74
130
168
46
161
87
226
468
224
208
528
262
279
200
355
108
60
13
56
465
559
149
119
221
479
265
411
100
550
174
236
182
129
2
526
49
259
387
209
370
245
206
132
9
439
476
525
120
95
136
48
235
234
23
88
417
397
220
54
424
137
321
359
558
518
441
251
318
323
14
315
497
553
427
113
445
63
336
386
38
529
353
561
435
101
244
72
438
470
410
534
305
3
562
62
185
333
246
229
502
500
298
92
392
41
457
184
84
326
499
567
478
563
225
331
504
187
509
34
24
511
85
299
320
507
401
106
418
77
261
488
351
367
515
560
535
327
198
78
541
157
219
402
452
190
45
159
348
347
275
449
406
548
498
175
109
555
277
291
492
70
247
376
544
118
501
429
463
192
491
486
103
456
527
398
52
115
121
482
328
212
55
183
250
264
346
458
388
223
266
253
73
81
29
94
421
57
420
341
423
380
18
383
296
489
443
133
173
312
506
196
152
270
467
186
75
543
466
274
523
391
26
211
530
155
510
444
25
432
377
156
556
280
287
242
5
545
384
434
163
363
67
345
405
460
533
255
37
145
204
32
493
412
126
6
138
8
557
403
343
532
228
430
286
413
475
400
554
335
207
294
189
539
531
127
11
68
150
124
332
519
143
483
514
524
42
82
97
164
199
203
237
64
549
357
181
437
285
337
210
96
216
258
98
146
365
378
350
194
520
102
110
167
289
112
243
47
4
471
116
142
461
