185677500
627387270
79946370
53079030
601961280
744699300
650292480
716405160
73963260
414145500
215696130
624790830
782370720
325805460
573351690
444028950
523858890
349120530
133534050
269621850
361626210
234428280
301594680
502128210
514070520
674987730
200801760
456269790
824824680
440649060
166188870
57131700
356006220
542764890
423395790
446152680
303647190
177790710
511978500
749633880
863272680
836197230
602005110
683154270
200118210
602340
606985290
210750510
18204150
227421510
434517540
876581850
168345240
174091560
645456690
72476790
605172210
136326090
550980300
724375470
482221560
688778500
5615160
756544080
872048550
519245520
402911400
863469090
344930250
6894030
541934370
223173720
643463130
417973200
640242480
519235470
624442920
625782834
802796820
473669700
596369550
102933000
836714580
400996440
655265100
592920000
439540110
885409770
68433510
564244200
337009770
33942450
27392040
622605570
245909820
719225520
91118850
317923950
668556180
81282450
267423540
666188130
415536510
688778490
881576430
399621360
510522870
339548850
461364300
691120110
96593310
71535600
323520990
890477430
784788270
758806350
58418070
512088330
27075570
602322570
327147690
860343450
5696940
284706030
543881370
240533700
358901640
852103890
615317100
139054080
407757240
517821810
869529150
627583560
198081210
654603600
737540250
728087280
92919030
136241850
752862420
660070440
91101240
651388110
297311790
392597310
200138580
124477710
248604420
865149870
774156720
309366090
630808620
230021670
279481290
538336200
12130440
818965110
704553030
628716870
622159980
453474870
4726050
433394970
362845860
631002210
358892280
682059030
292224120
399709860
817046160
9333180
58190970
869461290
365094090
256723530
526527540
597546030
514888950
832797510
716175660
193614450
175382010
219590640
558344760
878682960
659052060
888748650
421475730
250028970
276783480
820641600
505063710
158062500
630944430
157198950
315931800
445958580
168294210
45882030
94124310
306325620
816548760
253576830
538525440
791338320
262283310
32894918
547802100
286608210
66900030
430825980
689325570
670786800
265580850
851362320
565344180
248124120
428743920
397050630
359795130
176181540
742226460
902685030
114412530
681951030
309163830
210849690
282217950
859606200
305020320
694260390
738686610
137265600
800514540
680464020
558151620
839401500
432846480
853654740
452616420
777283950
371063910
766514460
187103340
845527080
651238950
236000250
100665390
615893520
735126810
227525970
267233760
344246730
592114680
141995610
201145170
451965060
551986110
273465060
552770160
792049140
286475760
377297940
557252520
425961330
127259850
517345380
611137530
183892860
355503690
326493000
626203170
486028350
184994850
339050040
731472510
646031010
32528070
484264350
96452100
698396760
181617870
848958150
829147710
352427970
412448220
325405410
457343970
449699430
638218320
147432690
223706370
128594100
670112220
668220090
151690170
423464850
256627050
586271220
806804520
615425520
519972630
614178780
749817900
824203590
460002150
449276970
876296820
463045590
287661690
473162100
148055010
676764600
147333330
26788440
760608750
856729620
829734270
577690680
634246770
512448180
841587870
152521080
514502160
144664560
368087730
836290170
456847740
162007020
758075130
747445560
801355020
238281600
42576570
354681900
629915550
66988590
642590820
355661040
288665160
832302150
298982490
695435430
245755050
174532230
195350250
873792090
15858330
454677300
55039740
295536870
668094240
167365470
648834210
19636980
251541270
734477490
705199710
656670060
901148640
755587680
91455930
856218000
872474442
827820300
508717590
21074550
280451970
111316920
43313880
817250580
197380980
439401900
200158650
310003440
82323450
473388030
668885580
395360460
877381680
698191890
602518830
766201860
143704020
581403030
476724270
645019980
28351320
539295600
270741060
107430840
77377710
99577380
240762720
183160470
208592820
555626310
202399770
813154620
377075580
592846920
691620030
334078080
437472180
552879420
811914990
709391130
680869380
10114830
6140640
548203500
326017230
899072910
62330880
750520830
841717260
723858000
317035410
897736890
280988670
427750890
695223690
33694080
3276660
780646230
196614810
871105320
582640500
837832860
835884270
382708350
676070970
497238360
84740250
138325290
320576730
755138250
689548620
78375480
436932420
104816070
518785530
718876560
660294930
521649360
453593490
327094170
246575880
806057880
252798030
336575040
696358050
370067820
399058530
408067830
505741080
17507700
449803530
346918200
609936150
598183560
492474900
849363120
529768950
16478010
820739730
624123570
604100370
94967880
820081950
272142450
276452790
849199560
300254250
283312350
561515880
569694210
269999250
194844750
457081230
390736260
210172980
359127510
183414960
52420380
508007310
393467550
243234930
154588740
880937100
87280110
6702450
694570740
655547040
524459880
612173100
379752030
531867030
545120820
360454920
239092950
543728100
691653660
485376810
531611910
57604050
732136650
607839300
877279800
34852950
143700150
870437220
229067880
831880770
381715800
31264590
859554660
377920800
443180880
469848810
853007190
354377340
373730820
738488970
405421230
790055460
23094990
423336840
808739550
310302420
557542260
517745190
421886880
50596080
146843970
