536 536 904927110
380
503
447
135
114
7
399
32
469
187
401
395
136
263
244
472
266
88
211
425
523
347
364
338
275
378
340
56
360
465
501
120
92
352
533
249
528
500
481
109
198
59
148
284
392
300
267
332
369
77
522
345
431
321
107
38
104
53
276
242
313
1
58
110
260
509
191
209
410
203
54
281
240
504
122
420
45
4
246
389
47
204
411
103
415
60
475
141
290
31
150
250
94
64
255
179
261
127
14
326
152
508
188
17
180
70
383
202
435
87
379
205
418
479
129
279
534
55
119
468
117
307
274
115
277
236
81
371
222
477
287
238
292
116
444
460
144
12
11
489
168
130
193
324
413
302
5
303
151
446
248
473
212
235
208
417
356
288
134
348
20
256
132
66
96
375
201
494
350
362
48
37
124
422
293
304
310
381
462
44
73
230
176
403
128
123
27
387
453
488
83
131
264
234
146
441
283
34
158
233
102
339
414
363
214
391
239
2
61
51
388
407
386
405
76
15
524
430
164
280
163
156
190
257
229
331
111
316
344
254
355
186
535
169
43
95
52
400
406
99
517
427
299
451
499
320
434
334
448
170
493
153
85
416
167
177
270
368
498
336
518
432
160
35
328
450
294
133
329
298
372
335
306
459
439
278
28
346
461
183
496
296
404
519
21
181
216
50
397
421
325
67
449
227
159
470
530
291
341
213
224
367
495
322
259
385
529
185
342
82
365
480
184
228
429
424
237
457
16
374
219
106
155
412
484
97
285
166
65
366
351
515
505
9
521
232
309
243
476
482
531
438
147
18
507
402
91
318
272
139
84
36
253
30
516
289
165
471
358
512
19
171
343
474
3
62
29
63
207
72
295
258
218
108
140
357
145
491
354
467
426
532
466
33
376
154
409
265
49
57
40
297
245
485
273
506
217
247
337
525
511
262
192
195
113
311
323
223
359
252
464
314
22
225
419
398
137
78
75
526
182
514
142
143
315
510
443
478
10
231
74
199
23
312
373
79
200
80
24
69
178
353
442
393
486
98
377
513
162
490
226
437
25
428
196
112
174
90
173
423
527
333
458
197
455
206
118
215
86
396
149
301
8
520
349
492
305
268
433
497
330
39
308
46
319
105
93
502
536
26
126
361
121
41
68
71
175
6
125
89
271
282
384
452
251
317
445
241
456
220
269
13
138
370
390
100
101
454
161
189
157
42
463
408
487
210
286
172
394
327
440
483
436
382
221
194
