117073020
245031910
438134260
424764950
432839590
433131410
141518100
15538750
745736390
68549620
58478290
184376830
273643180
55156780
640128890
222838920
391814110
439245000
650337430
688102350
73628620
414108790
575440790
151630170
316960920
366797780
638302860
488085540
571307240
734005600
133623510
704192650
420042140
498282180
499764400
210999410
43032170
714323770
666821240
607437360
82489010
115049140
400492260
573459720
310463080
310167450
344759300
79977940
722559930
271959280
14020850
184791430
296113010
62259040
574418360
624521470
399958580
618472430
24723660
49303420
591836170
339836150
219705940
27596120
419496440
393176610
741514840
492713980
749408700
489637370
585747530
598961780
240894360
659040710
700521830
566011720
381377480
732953540
607403960
228195920
130380470
483876290
467627170
414221760
231599560
501367240
316306020
579821110
202334710
67245450
233282490
332560290
251180480
625992010
152221840
42674750
285967000
353283460
173311440
369176530
239587110
452414780
325616120
292561150
58074060
198161570
538282250
584369600
438764340
624615110
156685450
635423480
743578150
80591060
672736320
80835010
104178810
360734440
311898370
318989910
278337300
138695430
676804910
708206560
281498910
105806320
421784320
132637600
335612010
419308470
81912680
660857530
52201480
534685640
1509770
304246600
694732920
308204840
379388710
304639240
701909680
113642340
590020960
656718260
124266820
748455140
736235170
369958100
541020910
294130080
591213870
600569930
544934420
527326510
520000030
522404570
375736950
498145910
742084280
85562820
160403560
330054850
233176910
360891670
139344060
650755680
349258140
265797960
561997950
730384510
667847330
673160500
482741200
618457700
413777750
548273470
704108170
494560820
574171080
121896270
427621210
620683350
408499180
603271490
73970460
169350110
576737850
698612180
750945160
209328930
710232630
752476490
676214100
260128410
136802310
557789400
415606500
111412320
640090630
77318250
80331990
153788920
250462640
480275310
717746270
522917050
601743000
375836200
294521730
335089500
266415760
131569730
480279730
494855560
255880280
682229420
129372290
267995580
675622000
263514940
545802290
323071160
133271700
26141760
367167990
432928420
288714110
719332130
24627670
379936130
641341650
290695820
595316860
81183540
340897830
41171580
424810410
186230150
215033300
508532020
407094900
141164940
106254320
647696610
630529330
717941050
384795220
25764370
350038450
170862780
346149500
642849870
140370760
623763950
87452340
38309720
2514390
141628600
347519690
115362050
176622110
648745300
333051790
113391200
310017730
157732270
232253760
564471030
156141930
451597720
329271930
279624090
484057540
487049730
212759730
511427300
157234720
176094160
300693460
599732970
129178850
247770046
178912640
181010150
269612100
76134160
666110220
726028750
66084600
319841070
244490080
434827070
745898060
546964790
552565760
636259390
624493490
459908630
100953100
204666660
306544530
530017960
513714980
749113780
215907610
398586530
699842950
485396630
561534960
358638880
599072260
177051220
683948140
246999340
331027290
270361960
335986840
249993480
651861730
57136030
39935840
613530500
501394020
212064120
89616880
424652000
460992740
184111650
49859620
246952360
680217940
233573890
727126550
613301660
651263550
664589620
223133690
217040370
141310150
209308850
167529220
486342290
348081820
357081230
347126730
226695950
470688770
189899060
476166140
745154950
143663280
91548260
125748500
615346870
234121240
195863190
468696980
651073190
554836990
320448580
89138280
445356200
753581650
204679740
162710790
683341570
493206910
92732300
278258140
578384460
266442570
425066570
734125770
374151950
53858300
623886390
641640170
47049820
503296960
522621980
551893060
301328860
84308780
4015890
326171900
529042290
393328870
534432190
610625040
115810430
375434280
491679770
418673510
327950760
201328930
11761720
364857410
140027580
217409180
646060950
222520
196932520
194583180
132671800
603895810
557386160
171852280
360812010
563310230
288262900
215020570
144294930
485390480
232486610
375228410
297725470
103959520
216633720
738185740
32381550
246881790
589339900
557196300
421910580
192139560
695254650
646741580
527457540
666960860
418423020
734928710
316200460
600171220
333976660
34400200
499121810
673686390
514692460
696915120
595040750
291140
749689220
446423260
630543630
291208580
178036460
560352750
648440400
410014390
441839150
147431840
234676040
427305490
588011530
420284770
45359030
81653570
331754230
567991000
411494420
684114220
716286330
395311660
720861460
104525360
361887550
696876200
629350580
141987300
566912610
751235270
544557360
156264100
284665660
446662080
281553760
625989160
8180190
353198440
220094180
33647430
257545140
293121060
51428170
502521140
711378750
325670760
66412410
224889660
42222720
202814110
727818090
77844390
37993020
107190980
708056600
170191910
158284070
487872330
380211810
125879450
32223760
127289900
406534800
653634480
435102430
719681870
186475610
336390480
380192560
578008690
87717610
336649300
731281570
383554320
438847760
704040840
166184160
549392460
451687250
96056680
317863050
109279390
207383230
39967300
74334140
354004100
493165570
566555280
57282990
223676640
389197280
428916560
701563960
478586090
224067020
7399280
434956030
228734310
157670450
175083770
252235010
246272800
74178370
636635120
431882500
517749030
472867050
382797610
451192630
212896190
339214910
658230030
654277780
185605060
356300600
193594980
33670570
245168250
413603140
390250530
163624600
164490820
2952210
709057420
61961550
734316160
180418760
739471710
380541490
292892590
731013810
667708730
633096390
683976460
630793610
331053530
349733020
461839580
407005720
5087720
674562130
728943980
343504540
490563820
394250790
184413670
571141760
227971060
161458980
393215994
380193580
619521310
264524980
451803800
531784280
466805150
477394310
244253010
132941194
275155730
530067760
585878300
390971450
617247540
245028580
225652940
618324780
451886070
603301040
601302220
681129430
231271280
594314430
88813890
436178040
91818430
642193110
20693470
291459360
568549840
531083060
133029790
448812450
166535200
695392780
234223240
569906810
548877140
353224930
122756200
28898330
34139630
538775530
4120770
24022180
351521120
498400780
29557100
671942140
73590380
650118320
302031760
741413470
272445870
306560010
663924590
475233530
489492330
217372760
461704190
233628830
221441120
751041740
478714810
522054020
598807020
427889280
118908790
223444000
514082830
127634780
116209520
521491040
441570390
190085060
412454580
688727860
194283370
651811590
513773540
64859210
138817400
158104410
387953730
530721700
671220980
272864640
465280390
376303750
344693880
594779910
394957330
542238250
609899870
421191250
115721140
207494320
486253290
327541760
667964690
438434960
584125590
743430510
135979950
629631040
595220520
674018950
53826740
716810350
213994370
738852920
251060270
140834190
718238590
21106160
705015690
27892440
141288320
717076280
395560420
533910210
698664400
366684240
745350240
357970310
460102210
552575850
721795970
576705300
161231450
673364080
722181840
470779210
224005000
195353070
136083200
371188260
646838240
25454690
458424900
168221108
388088410
634279930
405960640
601989830
672705620
434350710
342235300
405107280
432932420
395222250
398327230
27968260
124404630
33347380
474607280
619327520
130288140
681303980
584488580
496485150
90024690
477543610
400829000
496035920
494359140
422331250
29511790
311499540
464405030
675207050
520605340
112246840
314379410
417803820
495022420
180590430
408798400
432254720
271714870
437838790
709614530
677989590
647176320
403241900
485467220
518881950
611666440
375431350
130006760
502832880
93892010
615243900
124485780
200085840
457524810
300060580
51808680
424809740
212598800
635667880
159704370
463221660
167231110
216856680
319196550
320753200
486066650
31377140
54926710
370578340
234922740
575450540
430479670
388482290
602628940
731492450
275939270
161096070
78331800
592414740
81464700
381867450
601743910
190894150
178406350
89998310
109122030
473439680
135611030
209197290
622312860
12908240
223019350
522554180
639603100
716400060
693380280
68115850
722297370
732925610
406324160
733701610
736715100
328762440
169148620
466263290
506219430
272521440
488507540
195729600
257874180
518918390
458874470
421000410
436746800
714684800
182194370
639833980
606668470
215106790
119453430
232269710
142897090
295615610
422902890
304626540
553574060
406772650
544667290
572976960
530095030
86467430
561382130
740190410
346793230
379193440
267876930
394072420
391462490
453898300
231835430
28603950
281802100
655605580
478579300
598699720
316557210
542445660
496776780
612121480
32827800
238815360
436290230
377980150
18527810
232429660
671723700
69925170
334346510
498947020
626114120
307879130
82262060
226696340
722580060
10356960
480571980
138766810
316914390
677946160
41995380
204585380
46195080
88897730
437628060
393753320
564403400
272159840
295175920
655076360
134450450
68819720
445433160
399249480
471630310
639303450
368611240
185296040
446819340
305928210
22778920
657396020
38719870
499229650
653045990
500520110
462446490
662737190
531881910
38760620
637909280
472994740
367320820
19632810
25107840
116547830
430876520
515292130
388330160
672082260
742946310
589056300
318243380
371056120
352384090
421941200
694988140
492056480
336558510
525967980
197943040
702446970
346343370
357972470
452297300
539431920
413863250
582876510
220387530
3646060
410347540
73595190
410819960
676036120
491334350
74539490
427380030
266599640
101156640
286113640
263213130
743734970
14488890
719503460
120247820
237230880
31432110
490038940
109412310
357996500
472015730
459052070
150130860
205149060
640578190
213119450
234495920
579579930
396111570
9715910
490080120
652170160
541961360
51268960
601275520
716442330
38844580
730189090
