551392640
557248720
115002820
357401440
384779980
554219360
137643700
395818860
114596900
180269020
515681880
19321540
333438200
82770700
246905520
446055840
632822760
292370760
231754720
622871480
402108360
283420180
216797160
175070100
465177280
314236580
10691880
342602260
341950040
321082240
84963880
235503120
448489980
565443180
502873180
416076400
82629680
601138340
582781000
319018920
452430100
72429540
41689560
271125840
557707460
253489280
324659900
543601060
541867660
539719240
546543060
414247820
403367240
405530000
336360900
600452440
99080840
461713100
640711380
40636840
590102540
633996680
95672480
227321560
191204060
407820020
467034600
398841540
32683520
86321800
346634260
305919760
17433300
99583280
97302120
52069560
561255300
540449460
346451920
428778420
41961240
351537560
107804300
123582680
447205660
335000440
469070800
287072480
75245120
195534680
280230000
417448220
149698760
78564440
196357880
318830700
475037340
305046780
625444380
11255220
213409380
231576420
548671200
286505420
309525080
15525700
189422840
195004300
30579540
546986020
4727320
533265800
183111020
173999580
653913460
511759580
329933460
372646600
639123700
526540600
616291460
140981300
288211760
167450260
255555700
35317700
107638700
306972820
379152300
381934320
454294180
45664900
452324400
350797740
9961900
110788580
509200900
412802240
275145980
620217020
120051260
32073820
166450860
508039900
484387220
116134980
638631720
144449460
563257400
120041660
280480700
53467560
420796600
394803080
54170200
78828300
377780440
601195380
433203260
395265940
395149840
341155300
416079920
436890100
472378300
221627720
199406380
472455080
124601580
35277720
434614280
30118140
463212540
222055620
197650360
132033080
591904860
304196800
389583060
427800860
160847120
198496880
434936120
608788820
90698100
207818120
619226780
288414300
533799560
227773520
127062540
442094320
544567120
24541840
637845380
400645280
519032660
32784020
548352200
150470080
351116920
98091060
460893460
650733640
273986260
564894740
74150260
328297460
479810580
346333340
654852040
604394860
358260020
436401440
17272760
246702060
20804120
421286380
71619740
353332540
235506780
150939760
488939720
517917820
155606840
605374120
585780644
337104700
658993380
159882720
431159040
3580720
467457020
198307860
660668960
336755140
408204220
530884460
141853360
552507560
230931740
385950200
221223540
376671520
586670920
617865220
593021740
608875600
33659200
508824340
237691880
65315740
115381140
47120260
346116620
178144020
468075000
412751700
210079940
544386100
621384900
232460380
393475160
583599120
425827360
153513440
389970440
228126080
229380140
527967840
332835440
422650360
89580680
525198180
303522120
377415340
558623280
252620760
113593440
174907020
644250120
537502900
628532540
550144960
79870020
69113680
456190120
182868500
194208820
560214660
448613540
347999320
63544000
494249360
4659100
562693220
403602700
122566302
277662040
384743040
50200740
329703160
583980420
566908680
147027520
166971280
52900560
251510420
161956760
33021880
616268960
175318380
23544840
160969420
634043300
326793140
230777100
134308580
329955940
599342300
21300380
397293280
452911420
174532040
583596980
71720960
595403560
189419860
68346780
551767300
655087480
333292200
113869580
50044400
509313580
520312240
249736440
58826520
324948800
403835960
530041480
399269500
654447000
460194080
156149980
389977120
507457680
470315820
172558120
507429360
302527240
144671480
566989640
351323880
494854780
517198840
113630180
288048040
383738120
260900680
380415960
627104200
599243800
656557180
355355680
174999280
596552400
549699680
445698380
363053560
119590360
208001300
584180120
564912420
88501380
642077100
459525740
466615440
626106860
371730900
332468040
662626020
464054420
382352280
180940580
324816440
96954480
346863620
317081080
324269520
162020460
182696640
143794440
358530260
537530280
63176580
32411240
644153760
277640640
602511380
350832900
511494480
243594620
206437640
458491660
41178140
246063380
31679840
646731000
352339080
345087020
193735020
81310680
134094580
576827580
393580740
349473080
24400440
4962780
647484020
651491280
305781620
599558700
40785520
323704420
81934360
150106320
538913740
648935040
51870320
63112660
60504140
175190300
414527960
256560700
360565960
157853360
290284520
73114420
78958280
391995860
255396360
398501140
421261980
628662680
407151280
442351520
13345780
663279100
129156380
594923800
93699320
358196580
194291340
194394620
658693940
581128600
378595200
611399340
346277360
320559220
278860260
310488460
381046360
74794060
71578860
301736420
634894540
655645680
59265200
258010360
618157300
598614720
23302140
656074960
214272160
516237800
25176880
645285860
47185600
543496980
247464960
228470260
262087700
404205620
78013780
194774160
124388900
288958720
542867380
602702200
123283700
533394780
344733260
207550300
254129800
300118680
422631920
368922080
108629640
113130520
224873440
549653280
54155700
259056760
200422580
584089040
79878340
235624980
435530500
471758220
145690220
664166680
424153500
303179780
558562660
455724560
567864640
553675160
205781360
638866320
514482800
210336220
320508660
638908540
332309000
372408720
62729420
374387140
283701100
616530220
109125560
588193180
90520680
206544440
590927400
475090120
544431200
133331880
60929500
225223660
436160980
632017240
522187400
621109140
193411540
440007980
1635120
140125240
435831880
585348340
611337600
203742000
600577120
80742920
272557280
21931760
15153460
153469180
173823540
509250600
3499720
435168040
293286340
446295860
622177040
591896640
135942720
23796460
622189420
48441260
141295340
338023220
461218540
355540040
407316960
181143280
406048900
99523580
477269040
438305220
162193280
235077260
188528000
552519160
240164740
104059420
73706880
204526700
383925380
607241000
40031400
507021420
106831080
282530600
259607600
469751180
528333200
136466060
31975540
30931580
360796180
179024560
284652060
430771200
162990660
75882220
338949140
259275160
165722360
321958540
115958520
41332500
436485340
472907680
301206620
10663900
548744500
487868060
111210500
654638740
110586040
174141400
236479960
143610540
582460960
66595920
313285520
483146180
472338800
163191780
146468200
578514660
489755460
610385220
583222460
505462980
562615000
228436480
336059620
648803280
285631500
127897000
500567340
342074400
453433060
643709100
377249460
40392560
351312920
658517120
547049100
64450240
403979680
27613960
567495240
556703380
387297380
18890228
504775480
114506660
203416200
518247720
31242440
289080140
163510720
601888180
663669780
361661460
266957120
77293560
315312940
474090820
210338020
525247120
326635940
79214320
154377600
526863640
443111720
643408900
360310200
281095600
415432780
325545140
651833360
509736740
599109060
469303160
68177340
607678460
23389880
411822680
14701140
119404880
300720420
274696320
541887400
389872580
579538480
162565780
490420820
41504300
661524180
399776400
518005940
238163680
628917740
335370180
290064900
522569020
542109500
207625640
259616080
499063500
269865920
589376760
562203940
93488220
25365220
67567640
357081360
598837780
577097500
347932520
163350360
584183420
338409760
166291820
285838660
68852020
396889520
330261120
436771120
251467660
4129260
241935920
66566980
471936800
401299960
167501900
423144180
569134120
303590280
356753060
165680540
321387640
264375040
555304800
544647860
268838020
203569800
557856960
407208020
59308140
297619220
56539440
295000720
309134200
630811360
386591080
533663420
394900240
364028680
633000200
595763940
508260040
641645420
500551600
791440
117712660
553241740
253464720
17582460
220582940
409692940
31568300
308102580
145236320
319789500
44895160
554266460
99120240
142080200
269773560
538502760
380118080
421400320
416154380
229004080
246802340
515485960
462074240
24252940
36192240
124720700
43426000
134164260
236811120
66719080
513137140
504502340
413703260
434827760
240757840
450052320
542224240
53234620
59061780
552843700
156226280
373975780
89279100
129129180
148593660
512822840
618049780
316285720
368514160
190011680
104456700
61919560
169538880
17835040
232151440
16405360
86749780
91972100
230893860
336399600
378405100
538850340
79873200
269350060
579932400
347753100
332454700
354211700
180039100
321803800
624697740
42464340
417826360
192350860
229580420
219585580
574104540
500346340
510449140
240501140
494823060
122065120
642528920
139404460
312848700
404249900
258522400
286087140
470263040
384132940
655458960
548280400
375365840
335659560
515237480
386013040
405285080
386108460
410570880
263550540
430807020
261785920
138064860
70171760
411337280
62509800
485620760
578797320
