113330112
652508220
332180496
234964368
161651148
231381000
630895092
354632580
211199148
731537640
748346784
576840000
474032916
642897756
44005716
493949736
576764928
118228116
435190344
29791668
496842816
79666968
195372252
257109120
49437888
146746272
199098948
190405140
179242596
118040376
707590704
269766264
472213164
717389232
631954716
308030220
688166352
182327628
262405752
54824076
286234056
646900920
260794212
778413852
264318516
375838152
617065224
91535076
48187884
725326560
4508244
77826852
215484552
375661152
761609976
110602548
460687248
136806180
66440196
46495764
293916408
15851160
107621580
33153492
157474524
452798868
549928128
670778136
496936992
471110292
43836444
519917316
586896156
403308744
6409320
775703376
52858584
726986448
87094344
69948660
594463596
101352996
750854676
687299700
694881708
611327232
264794484
593783196
44551872
336967776
562240092
34119072
315706308
435712164
66907716
598756740
531482448
212328264
529979328
572513808
163012980
490314732
72098844
197883348
208427016
208022172
501905988
364095648
384947196
32490720
468791712
429316848
778266624
410419764
518448204
734646960
62598684
684044460
325247904
74469672
731157480
502767480
291045372
148654260
92516316
475774356
120656808
334099776
256533228
27752136
455836440
242626896
364929120
399826836
490497132
765947532
344222064
783293112
418439676
482264616
647053308
18912900
369287532
391358448
731110428
327992172
285587148
105577392
379644
305229828
649115412
479132256
38934288
454424448
456138072
335023500
372594840
699164736
26904660
277056168
451627536
548152116
419591376
593503968
611035116
96703392
291924108
726324360
383365416
141121140
222011676
340029372
538365072
688823940
159701076
673837176
316451412
655673892
304237752
51271632
45443844
499276848
583580820
203246904
621650016
545064660
712287276
435906636
596788488
179179476
358816104
725378952
229733676
489829728
753768372
403034460
320565960
406478268
290282256
732062196
65274756
755013888
436249020
36719844
95880768
637893600
321216972
372427524
673494012
492555564
617284440
147225456
624492624
54209916
284277948
514223820
314217660
194950368
183233280
236272392
473684640
515621784
235957212
120457752
239751864
219148332
452253120
260630652
395356356
367031448
50927664
151872060
95156496
420485544
642596352
137347308
66616308
175227756
290294352
334477584
146875932
86568636
770993016
197308392
86990556
679328856
384892440
35268492
548250852
428839296
428580000
433282116
448132860
288835500
574773264
541025496
41959584
84897672
522154488
60489252
538569444
378144924
143285616
86117916
260702148
87358056
89244216
239170596
594549096
25654872
783880932
591929760
582900912
130462596
303611904
125814300
236808120
294534108
46375044
529150872
655875816
634031712
512456100
313067340
645206688
216967752
66743220
249702408
53669568
735471120
391765476
742847232
15590964
249944532
499996692
772325004
386960628
634172688
224438520
484651020
728248512
462406416
350820120
69468384
79434660
650709324
328414680
71039040
250103820
620674668
248244684
149890140
509536632
446035716
123020712
583638732
433642704
18166068
349510368
770144472
364927188
329970744
26096016
102146460
50887020
63102264
628395468
543942192
525124332
147848232
54745044
153524244
709452336
964020
1164876
426652296
357265776
646655088
675926376
625946400
780013812
606712392
619777980
662982444
189928848
439205532
643718328
200912880
565164480
576560592
515741712
510575940
181695528
254543604
401996688
523240524
351041088
323807604
447060096
343939200
202225932
666819888
331040724
214891404
73070544
513127500
209414640
39298860
591359400
544583364
617503440
698377164
263265084
734907984
35975712
157840548
295991616
230402676
553538400
602621544
38843904
422398176
287070120
323406312
583362276
621947028
323878884
85635516
197022672
224300796
10700736
516108096
157280796
464973744
398291028
431590128
671489172
24171288
117018156
99532800
258583092
730090788
707311296
138022008
523840044
388056228
622947528
603897348
701637996
721651704
307616316
446073036
134879592
169536636
627324900
462747780
490224108
15165516
392188512
38771640
112213692
30346488
282663864
148232916
129189984
321959628
212144388
596592672
601689300
571180308
126052680
570163752
304274340
703635612
442272972
41060508
386605068
546830076
163123932
205388064
521369340
290302308
439862256
77677956
85616964
730334400
150149520
372533652
416712060
321658884
565496208
253377732
734379312
572543412
195467412
352887240
459254292
778723188
565462944
595377492
683306100
724253208
55356480
35917788
721639140
47060340
714920556
284186916
86062452
105909456
47131488
185302644
22680
413051172
656089692
284771964
524987148
624984156
21944952
2641224
408939972
235106472
251416584
32776800
352637616
652451208
89977608
130825404
540176964
452455932
202828488
87453840
719433780
464061432
628822656
239758032
323256492
408185376
459436044
663477396
512762316
468220860
615552972
19518060
360095040
686530692
248788272
722823624
135990444
532346232
740696340
94153464
204198216
306447504
365251824
310584540
749405640
232058604
364019136
272425176
185309340
434251884
313089144
111668424
373689132
132846192
692578656
321516480
329384616
771594804
449392308
438249816
271612488
88631616
612108216
552053520
447205536
223633248
421221948
198391464
673588716
10393344
627131304
707428164
10609956
28192476
50632500
274214724
729830076
207286644
716736744
456633060
572356692
182598324
524770680
414237648
99700956
212050872
594997812
428871084
140888808
570007992
388989696
274723116
658925748
552084552
716240316
191993880
693401508
328942536
188616156
618756456
307071096
640208040
758331420
230754756
695459322
772056708
39747036
472237104
411726228
674986680
66750312
426397704
23341080
276428172
764342376
146853048
299450028
365666508
744096012
523114980
359781924
572054100
753256488
136482756
251125896
575327028
407337360
483865260
701401380
271443912
244153800
176653644
530686512
174299412
742697700
376753476
765951468
658635000
619035072
86847648
735802872
237939360
573152772
71459016
407582400
352715820
475334184
178108980
672503532
600414288
375676560
39297360
658800300
669585288
316470252
130949340
80031744
52070592
765224820
141260352
319589988
6665844
566083236
202510464
144606564
700950516
55615764
556075320
156790608
573501408
79338048
168317448
515603328
744841584
383715576
344181864
227857920
354254520
147342660
177283020
665110080
716786304
188764476
464701212
346855716
269075700
264814704
255207012
88688052
521679636
52242492
241900404
205975320
502214916
256065900
8360256
620782464
22652520
736301436
547436964
672721200
156229428
249519588
199622184
478591632
14227956
238366152
696774024
493789848
322063200
539046012
747899892
537084696
51180996
56458224
35138436
150419820
380432004
238421736
778491720
596474352
696036624
580471128
336775164
401439108
31880832
479830884
432220080
87346848
696045672
94494888
167752092
216418512
376682340
554492412
336107064
656996040
627703728
537565836
166320996
390530256
481957368
656417760
379453608
466873620
661711128
440978304
442078752
428187384
411693972
604336104
151315176
301862748
468954408
126991848
432160800
91119156
141822696
843240
363039684
687592416
544331004
310955220
470732376
724157124
517658940
97532424
418534596
636250428
17720100
651702948
264931728
653078640
264538740
181618728
169510620
776589552
151367964
98345772
412330056
527029128
736450416
66947160
627766632
595187652
239298360
342546096
613775484
512954412
448207380
31750176
674949780
525853260
183373752
546224664
622421832
307640268
131301612
239205252
773295420
467865360
259953996
451989972
200995392
717651600
192568272
327448044
596597112
601939392
725474244
335874180
507690540
695564304
584643144
69047808
404111388
32460564
144406116
675102648
696802728
3819828
155069256
389011848
171189444
80658468
414019344
482952564
730590624
312341232
74696232
267535908
361332240
501335028
516736332
139524024
650527860
569710284
611320788
668316492
616175124
633866004
227244720
450139368
578895540
29984496
636823776
697856208
562854684
85793736
59327268
425644980
263927112
495675780
463434288
359685984
45779892
40975848
416681664
413651844
477469584
441785712
245668452
540818436
509183952
616249248
48893448
185997612
387156936
57600324
754802160
599755752
460433400
689456196
108401292
278272236
475456980
447215376
109092444
4217796
5928516
36689244
347499852
18336180
345103704
430733268
619311852
721249032
339611664
136018476
524730468
433068552
107863776
498718224
115169880
112539108
473763348
91357500
591405576
382364100
689894148
637035840
355163664
310852788
681269340
565644600
627421752
625368840
31460820
499559604
274878684
586510368
561495792
297784116
22636620
685175532
337475496
24598632
613164120
708022020
131565012
738789732
245002140
654802344
310067700
692496228
245080320
478932996
61777464
437182800
45938340
585627024
613676940
760833528
40688772
61965804
111253176
670265712
426059268
451989384
133306224
633771432
371566860
339967380
354466392
676442676
624730200
406392132
643339836
266239272
594979740
19955856
565160268
482615460
271882524
567691728
353663964
157575096
527480880
548346588
87165192
49098852
301253716
177293460
619965876
680599668
367525968
665900388
776007672
536381328
131637624
658030332
534109260
559479360
628109460
172239180
108306864
659798616
190367568
62332116
51332952
451650024
111222096
144866292
781542708
659030940
580952520
474880032
79871496
23207472
496503012
750891504
576601092
25530012
237108612
392798280
458412060
35358408
