134686732
242689136
172866768
293462624
102503420
196015140
68489272
30634420
28122424
290325568
19412288
120223820
72012936
80386752
55087692
352988968
338096996
238499540
290568400
23084888
53701496
218261280
350075688
127420088
249043868
130782688
264056596
156480556
117035052
180790332
356654588
329682684
244511976
104143012
55839116
16170480
265328996
35181036
260885740
109086364
74348676
132744640
196519856
56518988
276305352
54331340
36815640
20841580
187389664
161084560
38659372
302963696
239501752
269879392
139224988
211041440
126750328
338615608
339613480
187590732
303508812
157454576
127264056
57921224
136130776
169107852
145529624
254727756
49144952
292728500
251565416
19548176
236304048
239540236
287620276
312729852
179041128
265857896
258524992
116050616
2310432
267312112
348625312
266418076
355974320
199357736
311780112
361918772
297907428
8542848
360121416
253322496
1767496
121811888
238933672
285519616
81456484
306754952
62592188
57688696
186360144
185493072
277931704
256424132
284515192
263007856
99866296
20698104
175343928
162853648
333728072
159981020
224206936
267489432
66680236
116189492
73989708
75044556
183951720
321752224
219354920
71900624
232900244
358780076
253339784
265427424
180570964
219610772
105123740
141140412
322825516
113185720
262955044
236392024
204391976
152289824
52411892
101159892
334806076
243975576
73751824
237000780
58559040
36809332
40786392
42433572
38288612
351198432
360688288
44053476
100206664
88937824
131562968
316871660
355510852
280284124
315820608
170466260
2834044
74545808
261737364
214497424
270934284
65988364
210472680
95100332
192813316
307416448
104499100
140041160
342814212
136171716
323228592
2221904
294446016
58329540
130852588
183770376
311233856
215302092
241553696
254757928
112430256
309624000
53420104
190473716
323734676
164025400
126748156
324490124
105911164
206456552
100596060
89011248
146537940
191914648
347890652
173359260
274674348
356209948
283961560
90831004
336398648
149066916
68449232
141067152
49411060
130882356
319882292
227834080
59289184
211052044
48400424
148199444
17974392
330397720
36917384
207752744
358881108
135978968
3966072
100997320
130669284
214985132
22334584
156452760
4084420
122229316
134218832
359859568
142181976
15158432
141534492
79265344
254061828
167527132
72334268
136648920
258710708
242243224
206558172
72763904
64865960
91576012
256496736
332225496
2031312
195554508
55699564
252433484
150175292
155869888
255165880
343893768
103526736
243181440
75648372
80168012
259485604
200363772
352777408
237859316
72490432
276188084
201229156
292204912
91524564
345471540
219253972
97232592
136691780
184996612
87090344
225181404
52660540
20088088
57867596
178098212
131205748
286006444
178132556
214278136
181434788
197858256
229563552
330146080
174320360
28680884
286119384
158712016
160690344
282381180
290088048
197905976
158245676
194068932
235251416
339694228
128252224
193998128
256063720
223243412
169500132
127939952
271376976
256654732
98715952
34641728
62361488
316923292
220837904
76028292
250004792
334663788
154590220
265753924
282703612
231595900
208860500
342193984
175039460
89459076
12535024
35479720
135832236
323165652
236860068
286892020
226281896
214707148
137039828
99086892
229446552
257472220
6731036
136979472
89596524
279201116
92303384
140049488
357495608
282944804
38104692
331847700
15040932
326733612
59667012
290898908
272700472
158521608
50046908
86101356
198871444
13084908
249326576
47025824
104676976
107648448
129462288
50254548
131610352
40202876
101436496
9546036
258595844
297237068
223302384
49635560
213629388
271003908
195853976
15415584
353143224
89289384
211968904
263274268
138934920
331289812
88400316
249758376
316929008
273324640
251324992
280510600
219057908
254422200
292686676
230555296
326384744
62220712
274421400
168806220
27964740
41564368
281337844
355532456
123408284
337119480
277147988
348994328
11110008
267078608
266188892
31787528
322129616
104745656
245631896
268443188
347880992
91140084
243132976
343590444
67636780
138826400
5919784
228408248
295857460
103252176
17066216
135845956
97212020
331564396
97879172
361874476
333003392
112801236
323387676
26475060
81562028
188859772
98506520
272100360
307753200
293342672
126677488
328704772
22583660
276025324
331826140
107479896
57520192
37391148
45881844
205275564
129302692
203605056
236904500
277444132
362717064
152156156
274451224
25055984
153201244
243764056
334914816
261752472
18882120
326255484
596060
156663572
163685828
11029896
25109548
319204980
291063120
346401500
105464548
218051600
101031492
127912824
535084
315559192
142989808
248098056
328906984
140581840
256577724
294083180
294341296
258846076
46121272
282274728
227868644
143385080
347646736
295102568
173897648
209695920
203817208
297342116
55918128
109109020
241893572
355135792
321315184
292056356
103610432
67730424
58042212
220334508
57864392
163046552
240387700
72133076
83882492
212012512
83479572
282800596
251199944
143646216
21924600
213786684
233656996
266939276
235433788
204741844
12427112
47401328
232837420
51645660
294621488
130059660
41723772
123481460
286425808
86925216
136368328
275015872
311783940
99578812
284731784
61108788
327689716
39398580
35337576
147359724
250775772
142929864
214866604
324225124
107291092
274651316
153253274
292348628
17659412
19437392
355029000
249847848
345808700
48955980
156243560
189747328
91186244
327740288
222573864
119549296
228582404
144145248
356080584
232645724
139308320
347238092
235785036
99818668
212153116
98094752
130351828
356287812
28802244
95596720
5585764
323393960
316847384
245978792
265424664
340195620
55346016
280851824
251659952
85222432
104338100
236002844
209189984
207823396
271193576
332401312
31023180
71580000
203396284
231675528
187686852
246118144
145928392
306406144
47537492
84520140
3041124
215714900
103759364
157855400
52306844
115324176
282408432
186850332
164848940
360105332
31930592
139334264
22418748
79133652
20314904
295348220
195973108
248322052
163510832
130363940
76184940
71134788
336050844
142661044
167571384
129645816
108483996
272817372
248578572
289520008
59622960
176135088
86935704
87954148
294020400
180793316
147389656
341043168
249774476
348434544
