636 636 363032108
608
418
140
256
258
70
354
378
8
324
141
419
185
429
413
231
318
616
424
626
7
124
86
100
372
148
404
437
183
283
260
298
561
396
346
306
265
102
169
442
370
464
95
543
409
33
628
393
159
573
590
118
425
340
544
532
481
6
130
174
264
44
116
490
64
539
151
172
232
453
250
208
186
315
213
547
49
284
26
129
23
47
578
550
48
133
301
411
160
289
243
530
259
9
262
454
623
27
24
466
505
589
189
515
59
594
506
199
145
78
75
119
586
117
236
326
473
288
450
255
519
595
428
274
487
139
165
275
447
451
68
379
50
612
386
510
568
432
474
252
218
39
285
362
291
94
79
105
566
416
287
529
475
85
270
4
399
132
251
154
535
82
240
230
517
20
537
53
294
241
403
292
38
417
542
191
182
235
299
184
215
98
120
347
80
541
227
548
408
341
55
245
531
161
467
296
43
633
239
303
554
19
57
553
401
452
36
507
352
357
155
206
122
367
180
478
472
254
322
438
426
222
310
192
223
72
41
29
603
242
368
552
632
375
214
125
415
459
203
11
171
609
84
435
69
312
280
421
545
496
485
166
277
518
389
385
369
201
497
602
412
610
359
281
351
493
131
380
606
410
549
234
557
564
625
204
470
571
405
229
476
42
360
483
501
431
617
220
600
398
305
383
338
461
198
509
167
449
613
565
433
363
373
126
13
522
190
181
197
188
2
457
319
83
219
469
455
91
18
170
618
149
273
108
446
88
492
371
333
121
179
54
520
286
588
584
635
81
630
591
502
524
599
101
327
629
536
463
436
136
567
46
110
611
96
439
468
300
619
276
353
321
71
66
279
228
585
134
146
37
176
392
572
402
263
521
73
111
514
320
158
434
178
500
444
107
253
52
143
175
282
342
480
325
67
498
414
87
499
112
266
540
511
620
361
575
210
332
109
113
556
516
528
533
345
212
495
336
551
135
164
622
538
400
40
376
508
267
430
350
358
348
157
407
317
25
546
484
195
22
574
308
512
115
3
581
194
152
323
156
193
162
443
17
268
233
278
313
209
217
390
562
607
153
423
99
592
207
328
339
381
28
526
103
560
460
248
631
196
187
61
636
477
295
205
427
604
364
615
356
314
12
247
290
335
387
58
16
123
559
582
593
471
388
579
614
237
601
355
503
570
173
304
597
577
246
74
150
225
420
513
395
30
374
226
344
527
34
558
621
65
244
479
534
104
106
89
331
10
271
309
297
1
366
343
448
163
114
462
382
406
77
422
489
587
76
334
15
200
56
384
598
330
307
238
269
337
441
224
127
397
90
62
147
494
316
211
63
257
365
35
177
627
302
221
563
580
138
491
272
97
249
137
311
60
583
329
569
5
92
293
576
488
216
202
93
349
596
391
377
142
624
440
21
144
465
525
605
523
32
555
51
634
458
261
486
45
128
394
445
504
31
482
456
14
168
