1000 1000 746140404
691
577
965
65
179
471
860
815
176
182
546
338
596
291
661
486
499
435
985
296
820
986
964
758
171
223
470
572
503
705
808
980
731
658
165
377
800
953
548
538
419
607
241
38
275
226
404
662
759
672
63
681
279
551
826
348
676
830
680
602
930
110
649
204
192
750
416
554
575
157
256
158
623
779
604
961
413
709
711
941
251
227
27
351
747
302
267
570
828
15
730
532
145
90
261
197
505
84
939
917
606
408
716
428
19
216
123
500
324
866
474
1000
193
124
300
441
292
355
159
277
827
969
25
616
21
560
494
269
955
378
290
130
383
35
6
420
212
788
488
232
456
140
43
598
636
579
871
498
875
115
639
733
690
382
194
205
763
200
37
783
977
282
991
387
892
476
229
927
80
517
566
367
558
409
129
196
168
650
271
305
245
533
921
752
219
695
938
637
452
670
647
477
270
462
591
854
71
761
754
751
665
119
349
943
528
434
698
380
316
446
743
66
162
59
191
30
556
440
273
692
622
496
846
578
869
421
100
199
726
294
436
278
911
218
415
344
469
531
308
928
369
451
640
972
166
284
234
332
411
405
675
924
844
715
466
148
821
835
957
785
767
46
803
319
330
121
766
714
359
195
410
834
258
559
339
897
484
58
713
630
609
417
775
840
929
255
617
331
516
791
795
631
133
635
782
287
202
522
347
719
798
684
22
983
784
14
150
951
654
597
995
240
594
847
778
49
392
703
504
64
508
257
472
540
183
595
573
20
825
209
762
281
372
908
831
656
515
98
483
610
235
60
787
118
317
600
890
855
57
518
303
679
424
128
959
757
632
170
824
564
923
201
328
633
52
86
412
263
299
934
520
708
872
293
521
727
687
79
804
686
455
354
979
125
396
948
638
34
352
589
44
482
388
845
487
213
169
796
720
342
944
742
390
853
580
8
4
362
53
454
266
667
492
88
479
634
141
861
880
771
283
398
400
358
395
963
343
774
93
247
106
33
397
739
553
613
780
379
180
576
220
265
438
42
214
173
884
904
418
401
7
841
693
833
39
259
712
545
231
851
465
177
507
137
590
186
301
852
198
666
910
495
975
154
152
361
325
738
839
603
550
370
547
448
876
660
794
907
17
626
601
295
475
54
422
706
628
843
997
136
167
139
181
838
608
442
802
135
735
514
848
376
900
746
83
11
867
315
699
414
117
659
323
480
877
249
671
433
105
806
427
246
968
717
842
744
357
836
468
222
732
94
567
122
700
618
994
588
896
970
710
674
741
555
10
217
77
818
895
587
510
625
208
385
814
96
320
113
789
967
151
172
725
447
936
350
903
322
120
790
236
544
893
922
973
29
536
340
663
509
529
817
431
940
237
729
264
673
386
583
459
346
334
68
430
850
207
309
524
859
651
365
97
506
364
534
810
582
423
252
816
368
250
61
849
974
873
942
429
737
360
792
221
178
856
888
95
535
1
905
307
406
611
605
311
561
111
629
526
937
103
777
375
990
768
215
704
586
453
2
565
432
329
187
685
164
242
585
203
403
987
254
701
497
62
539
863
918
99
314
989
253
449
682
832
984
288
902
525
736
592
104
274
467
823
878
511
238
304
149
289
426
996
41
874
993
914
114
87
862
190
786
593
297
809
864
366
998
724
153
669
239
552
541
276
563
612
460
402
74
819
384
407
946
188
461
156
326
966
126
243
443
160
134
336
574
765
146
919
912
244
268
306
748
760
78
92
312
648
445
373
916
950
770
694
399
652
391
224
233
36
450
225
883
458
925
812
615
933
920
688
75
668
857
163
260
321
24
643
490
999
664
485
773
73
48
481
184
882
891
341
811
678
829
776
47
31
677
81
210
155
646
489
40
807
584
689
702
982
102
962
513
161
389
894
175
519
185
55
728
51
898
620
206
327
971
523
569
132
793
571
769
906
76
956
868
50
988
23
562
530
127
837
131
91
109
116
954
772
624
501
457
537
887
909
641
82
56
899
568
32
72
753
764
211
248
642
931
107
67
512
734
683
978
653
932
318
393
298
3
952
142
557
333
542
901
619
272
112
353
657
981
781
947
756
89
879
144
813
822
85
949
374
721
958
464
230
356
5
425
189
13
749
12
655
45
337
69
262
143
543
945
644
740
363
18
463
881
801
865
174
280
147
614
696
976
138
286
599
889
799
885
473
108
718
9
645
28
722
527
444
797
621
886
935
478
805
26
697
992
858
581
913
870
755
101
228
394
491
915
437
310
502
723
707
926
335
16
70
371
745
493
549
285
960
345
313
627
381
439
