713479140
276475980
468225384
422842860
385742544
423752868
468343788
296704056
95776560
483267180
370282308
107026524
337339332
580405980
291488340
122376540
421489728
158435376
55291764
590133192
555904800
395725044
404634252
136238388
452621532
438834792
152743800
545014404
664236408
78627648
344272104
51266952
503867892
539223036
355949088
680485080
536284056
284989188
447091788
660159324
309903792
206635440
401786484
568894524
410475780
2357388
27489528
401289768
167194764
304791828
39949272
238364412
143324544
126729900
362608884
698762328
555832992
132558228
327301392
281664636
230419200
612968664
72603432
74378568
593560836
647754228
718922292
444312000
669627816
66067452
72257988
616971432
522066204
65799492
416428716
243860760
327794544
71782656
87135312
211472976
133827672
393022740
415610844
299056560
381325956
200426160
105853176
235760184
371610096
125428776
387542364
548046180
440691768
686143920
400383588
110291016
116994108
447077796
153864876
488520780
542012196
28127088
559766328
86923980
432994584
554774352
110221452
472956
428251692
501799716
422393004
626055540
79689720
414612528
386410596
105381408
189310704
520240644
574763640
668920164
342572736
535006560
473329692
275343156
315070140
640471128
120148512
463022736
721573116
494420784
645606852
96766956
615895500
337547364
635156412
108213468
327847212
18592464
587659116
687836556
640416084
177530364
671995368
602661312
715861872
205551456
247402320
307910988
731002536
690019176
123234276
240935376
498780480
266202684
203356824
189634752
658719204
514959324
622440192
312004968
697297788
720462732
496425864
476762220
100160940
652330140
76635240
76363452
418800096
197518068
8585808
417554808
339178620
431236080
16021764
533852484
63441840
731903964
45296064
526686864
61432668
354725184
444289956
189179100
322226652
663428568
669970752
83032752
409578444
210345696
62647596
204703224
201646104
226214340
589848600
702241848
171195156
445236132
513740568
562718904
691563180
555685416
133956900
288238896
712786668
304120080
155144880
257683404
676858248
153271668
632888256
450958596
365327028
451898568
380080800
706721532
135902052
256666476
342075360
42635736
525349044
248867520
509336652
380124756
87865272
626004852
466447080
622623144
556684788
249145248
589729800
176770308
439388532
521232360
447337704
686661228
678124656
245856072
135595020
302678772
731039232
396593076
18514716
482606388
213416544
265816848
1493052
106699824
410769744
241582044
199356828
432643068
25899588
35452824
640039488
42103512
61504344
154983576
286167948
228233940
288481644
149892072
408984312
374291172
584141580
625902156
296736528
506355036
324837612
503028240
475842048
389768280
472103940
678985296
684042480
687540348
577392420
710006352
720321756
395301324
20119572
552503556
192291660
276397308
458156688
456145272
39020916
59769204
660027588
511264380
252224016
90275196
204837468
281314044
354623148
515357304
357791808
149731032
514820328
620182068
408508980
147662064
258002580
349537188
725753028
602767176
476495976
605303556
59514840
501642900
122998392
97858200
670582836
345760536
541077900
422517084
702468096
704270160
347139936
99415008
144750936
114918804
51048492
184577448
468794436
271348704
360864504
563324256
71078832
719503224
711168612
306075660
483619752
643413408
289616448
265516548
617319252
683095908
353424720
348919692
437925048
75663192
226448112
610535640
269135724
394727520
267432264
462325908
716648460
674392224
267971880
171724344
333881856
180178416
77184096
389425608
397370952
519146496
260510184
558905688
346333548
721470420
86192568
395092500
402637884
167505624
536259900
404822748
283232004
610174884
711338100
672661704
310906860
320777292
161544108
346871844
124616184
275504592
307935804
213189108
39232512
57826428
456380100
311835348
512099148
360362376
358347660
395941656
54307440
380937084
659242188
623651952
340964052
355566420
691284528
538333620
121193820
169855620
660727056
358850052
382065420
40793676
541500960
683377332
565535388
681277212
623290536
561289212
692945484
260206188
471939336
328869156
720537576
52944804
355174248
560096328
154496892
501867696
339241452
123351624
470566008
647764128
252785016
586102704
90892164
74435064
394114248
275928312
16649028
425714652
690518664
414034764
53893356
85829040
391341720
5299536
552269520
722821572
669854724
324073068
67420980
525112368
291603708
163688052
38584788
685550184
281104322
151795512
506035200
675848052
600217596
437051868
29180448
266782296
210020976
156959484
14944248
314996220
315802872
238872480
63494904
298715076
371594916
729407184
27829824
256118808
44987712
401746620
295973436
248430204
732082164
238909176
144271512
21818016
411128520
386713140
398992440
156945624
79870560
115856268
225148440
98422368
377229072
84736344
485261964
399906144
29269152
455988720
473610456
390458244
529936968
342367476
211620288
360831372
251004600
571931316
494403564
70680720
327285684
438245280
102925944
148870128
505004016
461666304
13588080
148265568
247300020
661181268
213813336
695222088
268468200
657781344
463173084
590209620
418081620
140066256
198227700
419438712
365993760
253501776
629611620
509496900
264110616
229487544
469765560
703714044
37600992
474807828
282958104
467221392
700858488
12159048
624491472
563480016
632324880
722420820
163320432
676740900
271190040
623431644
28980204
329191764
400372500
582687864
383729280
220449240
191493588
405800208
217644504
715826364
602116284
589367196
491183616
441056088
165669504
623799660
557271000
622474908
634251948
648463992
574731564
379165248
373110672
381989256
369153312
33819456
221305788
488537280
57725316
151960380
378758028
65492064
64827444
374067936
78482976
295583640
438687612
34800612
428244960
565133580
289550052
464863608
575747700
696871956
181866828
283858872
125163060
342533400
574005432
167884596
600597228
668010816
635698272
62358384
492318816
295770552
391574832
632640360
378291144
614384760
222389640
175138920
470704344
274797600
381845508
684458412
612829008
585187944
191675088
519209064
443247024
500221260
655620636
720071748
10339428
690624924
569879640
49904172
35835888
6142620
58033800
412402716
413168448
87534348
595433520
546599856
457626180
234477804
322393632
516091620
453931896
168328380
31519224
622523880
35554200
599632044
652041588
513754904
163249152
647578008
467107872
283850292
620044128
200712996
41011212
254068320
410141820
342852180
595366728
368373060
104977884
462551496
63869520
264462000
84787956
600846576
657530412
561203412
614901012
40928712
21617112
153422016
202397052
246987972
324743364
643510956
596762628
579613980
124377660
60089832
661588488
419824680
605082588
601567164
278226696
189603876
258760128
579232104
726686664
190040400
588597504
600733056
99347424
354895068
394070556
386994432
681961500
462525492
568519776
553397856
146961804
498787608
223143492
482870124
712119936
706004772
225472632
699045600
63195000
350026116
499024416
142244124
515796204
572625372
240795720
706382424
587664924
588196224
345301044
559909416
243545676
586080000
400413684
669488952
336692400
298775796
24168804
538213632
253800888
316160064
193763988
560492592
536724144
663635280
560764776
700581156
20717400
479420568
360653172
528747384
240716520
618585000
322853520
691725540
346330644
369775164
637073316
119005128
427024224
51255204
476228940
57392016
335913072
429938916
321146100
243085128
710098224
672308472
636784896
453194940
229116756
190011360
60019608
639748692
227951328
485172996
384319320
429662112
714928104
76154892
460628916
686613444
491835036
579563160
9087936
81324408
233492952
177368004
396087648
378171156
651566652
154895532
146724864
1193016
55503624
578946324
201125496
657683136
447802608
8414340
54825144
499607064
301717680
492683532
136913172
384186924
725142660
673894716
694556280
469439916
203770116
134163744
516066144
89713788
603903036
4416324
73258944
201637788
494324424
714234444
503034180
617584308
387331956
3506712
708259992
441336588
567872184
27920508
699637092
546049416
162832956
59352876
442452912
465892944
297613800
446201052
38071308
153802704
47487396
698231688
11079816
492271032
569215020
226599648
636900396
655288788
212554188
415579824
631250400
351925464
688706436
612581244
16248012
706223232
675281904
525542952
199540440
11316228
394163220
528913176
512403672
222282324
301735764
405437340
350407068
358050132
282436704
402951120
485615724
368066952
529388640
551382612
261201204
649344696
270622044
453248400
306053088
189139500
489287040
388995156
722740920
466576440
83587284
724887372
60087588
92975256
628935384
333229380
186063900
711129144
620168076
598860900
667054476
157100064
417448152
633362400
119313744
470147700
161284500
20300808
507594252
242486508
431184996
208374012
638845812
650281632
215100600
455584272
194521932
243487728
166168992
95732340
493268424
582655788
264563640
226922460
152836992
74749884
282584940
224335848
635337516
17892864
476400276
264220308
443346948
526902684
236409492
537422160
455542428
709062420
17120400
728700324
694844436
370451664
149760732
482607180
686101284
160968720
673569468
373526076
578003316
226801212
609411528
635315736
313225968
98474112
79193004
498280464
514635924
516111948
50300976
684222396
292105308
423807120
68517372
287781516
344042424
93664560
557059932
653645916
641507592
648909756
501516576
352496364
476152380
680794752
112757964
716772012
415172076
314762448
485976876
76653720
304771572
63611064
551471316
331949112
177159708
475699356
705401268
731178492
444272532
319160160
292083924
222718452
612652392
242474100
274655040
89076636
231687060
24026640
60180384
539760804
603173076
492401316
37705140
63888792
304085496
325343700
197245488
717483624
385194216
66080916
423457584
681867780
244500300
118731624
564907068
236786748
384352320
163562388
655977432
213758424
645830856
169742364
44272536
310484460
300805296
358072968
313691136
265745832
