184155088
325629824
775106592
687022544
180870144
306201168
737195680
459060784
52370240
288495792
741701376
527356752
272516400
648210784
267144800
131480752
526255184
330847920
777312848
721379568
602503408
357568432
493995632
318797232
159472560
383250400
378100736
751606960
116273664
346100144
114989888
80341872
283556416
623744160
603169632
690260272
398136960
818560080
382358080
781652144
568080864
67018848
796017040
822205072
648790896
532763088
11438960
6594224
727847120
267402512
307016112
722942272
543343424
52546000
312630656
45093984
531375936
249947776
545280112
582848656
657735520
232435840
115929840
726070592
146553264
505186864
593006336
393745248
522446496
166229648
69844944
240790992
636006176
477666384
732126096
58030752
19163872
804194144
339000272
706335344
387848032
590411328
758663984
237069456
738438896
747457984
31841888
631161440
657005232
481744848
402989808
803745696
647687040
668428176
384517744
40103648
482935024
332639216
796447392
682838624
576136080
192271040
241598864
326422512
404266304
488734480
416340496
618085936
816472592
371968064
289338400
498333680
638832272
156387088
237265184
757470272
44944432
324930944
251967664
103293632
377619424
364339456
604831552
743352896
703189552
276419104
122329584
696656480
659683648
502096608
388505520
719513184
28681744
237788096
643811584
621974288
125321040
435362512
376735216
559723632
325345488
596923392
185655392
414963952
659490000
743890160
39598000
680664192
524568304
526656000
486357040
795392
47129264
230896432
440332672
391616160
136056336
292181968
639906736
183292512
124577024
309311808
356357248
544979760
16283696
187521152
766410320
401086192
98105904
287327456
88485280
103793456
684963968
469883856
322551008
325135616
618242144
132554032
715432640
376005344
116677392
454356864
659153248
344846320
795209584
297012768
73940256
777477584
792728768
309205312
370972160
768294384
544320608
776730240
176469280
126770592
711235616
648081200
45373536
351234000
320888464
713065600
342178096
610226656
147764448
51176112
811331664
791576032
774822880
220451296
52355056
49355904
423909408
130807872
320986016
392682992
402922416
526057376
675033216
167301264
347020128
507351520
258039184
394891328
411937136
428377040
652461888
754586352
555242480
194118912
795453776
343195424
110216496
123271616
701341056
95818112
579998224
55048864
481243776
310810240
534035840
371675408
412687808
466709568
230845056
15044432
819632944
825106256
619635120
622886784
671803392
738952864
621606544
414090352
10631504
134788784
377279136
237929120
362242400
241967648
98394816
73478496
597926992
23429328
100278880
446523168
592238400
217205664
614699072
64327328
608647936
671399664
404121536
476802768
79434160
48851088
174836480
710094528
592077408
567957728
475892560
237831360
337247456
510345680
96297344
724559056
707196880
161087472
562485664
766630800
711892272
202536880
162654544
787000448
121377568
279324448
203574384
379268240
481809536
359320000
238064944
611210536
380715504
59518576
801305856
101604880
310667136
336951680
533716768
331413056
17225728
329013984
58136832
784392752
305029712
690142128
285956944
367421184
186487184
395053776
542082736
297874096
100797424
220839216
547481584
76842896
344928480
553115680
92439568
771446832
654389216
179589904
732989920
184859584
383224400
173173104
815695920
751203232
286097136
563757168
222862016
175951152
758201184
781546272
291134480
103528880
334844224
621606544
146473808
813222384
793414336
316926480
357919744
726747008
738283936
246020112
593939632
29875872
296201776
417838096
144938352
774611968
761749456
61616880
458725488
485236128
730747680
114298704
198140384
312611936
470109120
578999616
139286160
382054816
339131520
51446096
695684288
787693296
78220064
472361760
633840688
721375616
622010272
342884048
699623808
423536048
285435696
127196368
777878192
600614352
441813008
173366128
653107936
443448304
279974656
282461504
124014592
662106432
809016000
745259008
733197088
543152688
514670624
283489648
509451488
644689136
744299712
598724880
689470288
124759856
677993680
732887168
787671872
337170288
439095072
43756960
396825936
601090048
620635600
711099584
573082432
398344336
3364400
116701728
761305168
357699680
278971888
679070496
497527472
762483072
195538928
780752960
287544400
751089664
570255504
747535360
294295456
103758096
506488320
61512048
459654208
317432544
516759568
64865632
188002672
106249312
284234704
326074736
22314032
90838800
47223904
718100032
744474432
567371584
808481440
215323680
10403328
407226976
140334688
168680096
271978512
104834704
575177824
342614896
102330800
529124128
292834592
252291520
493213136
721443216
808577952
298428000
300225536
26620464
257487984
355190784
354262896
398748688
390135824
460653648
467452960
623949664
360560512
500084416
516233536
794791088
631194512
303620304
136190912
567369296
410687056
217524112
561894320
158656784
111428928
125155680
89443744
441687584
501026448
776638096
530962016
103280320
812235216
120176368
183229696
236754752
700871808
746089344
425394736
680550832
396679088
742321216
247257712
514198048
486223088
355064528
446484272
21128432
389972752
68848832
475197424
337714832
344960096
592194720
473985824
615895904
719577872
638463072
323923184
593345584
146771248
494639184
551329792
403699712
201497296
815530560
680712032
633045504
462004192
242666736
688952160
52484640
569525632
543664160
159444896
183950208
292575312
416703456
267940816
737783904
421609760
67182336
476554416
482652144
414090352
104459888
589485312
264277936
515658208
205887664
601285568
102546912
490507472
788137584
502523632
209751360
614177200
661104704
410738016
223893904
274752400
225145648
282888944
427473072
423632448
575784144
236736032
142112256
236285296
404297920
721713408
496585440
393903952
470720016
67422576
111241936
596898848
335618192
160660864
741603200
465624224
703593696
59359040
319641296
615685200
121423120
825016816
670995936
442527280
435978816
350083344
227029712
126404512
122464160
617360224
225168320
307469968
270246080
640295344
262086240
592134400
702458848
244659168
637401440
720297760
784164160
106835872
140362768
609360128
545465440
408338528
396674512
96760144
259498928
309541856
751918752
535928432
453262992
465902944
497740672
725216960
288174848
564942768
436429968
561115776
32285344
78861536
407559152
618242144
274971632
65101504
513663904
327065648
141681280
225872400
787800208
525778656
596658400
778522160
296201776
145920112
278841472
322789584
62712416
371837440
127308896
547225952
704443024
787990112
603573360
428759136
277353232
411660288
807725152
407765280
77087712
417918800
200249088
789153664
477391200
31970848
575670576
309524800
755117376
492951888
520903136
629843760
310509472
428086256
730352480
674471616
495251952
554586032
654280848
126501440
479551072
626266038
181630176
76760112
210113488
559970736
510014208
719657744
188715696
347948432
570647376
667474496
523635216
636544480
32539936
293122336
763979424
755713920
594691344
392285504
337651184
758525456
72940192
63250720
275955888
50490544
575232736
528576672
778691680
595496512
215052448
301450240
128978720
770830528
705178240
46304752
283020608
392986256
386484800
459711616
123557616
466036688
382639712
798474768
615462016
469318928
333479328
427969984
653231904
588228576
434411328
541493056
527074704
203613488
241967648
540878000
389328368
323924432
806235040
481032032
435581744
334152208
484295968
130295984
686523968
568852752
368065360
778791312
95683536
746887856
687414208
523635216
3826160
765940032
46428720
458434080
172391856
325368368
536689088
73089952
709295600
781907568
780078208
678397616
313612416
79399840
511240288
785100160
151263424
630353984
769270112
699708672
703025024
345330544
288106624
806206128
767284960
795761408
619453328
754567632
581382464
788361392
814050224
273215696
298541568
11700000
153591568
659260784
220502048
435374368
80072720
678677168
245651952
654873440
489885760
714642864
473303792
704213536
637609648
376633504
587130336
319991152
57359744
459980768
627836896
233988608
31958784
560479088
687858912
749401328
181963600
492219312
578971328
506919712
445395184
807052272
76977472
584456080
370487728
440779456
670870096
446024800
721871280
235288352
63519872
211783312
452829312
796147456
547051440
275437552
196560624
665612896
44117264
554757424
393023488
18530720
504578672
232259872
636696944
109275712
705447392
152817184
366200016
476122608
562662256
739495536
479512176
494201344
668990816
282309872
518172928
215827664
280093632
730425488
200072080
546278720
251831424
403022672
446792320
513676592
482185808
322823280
48985664
268072272
