869 869 826700368
75
334
400
171
674
419
272
205
501
348
613
602
783
441
345
842
250
570
571
52
18
692
133
71
716
93
643
788
647
218
196
768
174
16
855
76
217
350
641
468
517
830
810
476
794
619
789
752
548
849
344
741
337
627
434
288
249
216
33
722
545
505
169
461
705
392
269
457
559
546
671
319
720
242
569
530
467
118
42
15
782
260
164
279
149
17
490
743
160
437
318
600
195
540
146
652
40
410
256
746
176
31
21
351
766
323
124
112
650
834
848
306
841
418
220
44
499
357
593
303
555
307
163
407
259
669
653
598
637
264
389
539
148
526
666
190
66
431
488
367
165
458
278
227
606
38
128
321
26
636
390
638
624
477
838
804
811
398
12
742
514
480
771
422
802
414
825
341
781
147
500
520
343
541
429
695
739
208
60
687
187
469
737
157
744
210
487
291
132
39
397
767
408
55
495
772
25
130
102
508
443
331
427
426
831
197
129
679
70
631
515
241
438
844
572
416
311
481
714
462
507
846
463
614
734
474
479
538
335
276
576
267
188
826
222
656
632
471
665
234
62
313
95
824
620
493
465
374
178
453
867
413
735
667
721
297
586
37
233
840
336
798
328
403
324
724
347
832
372
820
277
779
64
853
325
748
301
412
58
456
640
73
805
292
373
202
809
812
585
151
127
796
215
865
69
388
125
550
181
349
680
2
682
432
43
806
47
587
247
623
727
617
681
41
113
225
199
491
310
213
238
207
869
792
378
817
84
198
254
54
497
51
82
329
170
567
309
683
150
449
166
28
780
584
370
379
231
730
177
522
185
845
502
204
648
152
180
655
713
484
702
630
266
460
454
287
715
451
594
90
285
304
858
263
723
417
395
444
369
718
377
352
663
547
161
494
709
24
265
19
763
142
182
134
404
642
294
186
320
121
123
131
603
158
498
79
280
116
393
119
117
156
98
375
428
332
415
221
72
821
65
211
751
154
189
228
100
717
786
45
785
153
252
20
435
77
464
760
518
340
139
381
322
690
774
296
326
275
554
816
203
270
676
115
506
512
359
851
214
315
527
732
750
626
579
87
9
361
595
271
609
63
53
14
629
578
436
787
807
808
355
236
635
777
712
253
172
391
800
235
144
621
137
358
660
699
531
543
770
818
455
80
155
719
353
274
854
711
729
706
557
672
573
510
749
536
23
738
399
544
360
364
509
605
230
85
758
380
447
813
239
86
577
299
103
707
59
856
78
423
583
852
731
535
588
478
6
524
756
74
516
589
566
542
662
575
639
489
590
3
797
839
46
29
485
244
286
368
232
645
240
843
365
551
8
402
35
833
99
470
108
661
736
561
801
549
159
356
611
482
295
61
604
382
688
126
450
857
513
179
420
696
634
759
140
138
371
425
338
141
836
556
691
94
212
532
209
815
823
201
612
405
868
32
534
92
473
503
314
442
81
433
96
664
290
592
684
88
757
475
430
597
565
568
346
616
446
175
769
733
644
678
281
710
582
784
191
10
183
859
837
284
105
847
764
302
251
793
673
193
56
106
651
387
864
339
104
50
791
421
162
305
492
483
657
245
1
537
122
574
654
5
36
333
466
342
445
860
862
168
243
363
293
790
34
828
89
728
740
300
312
581
107
206
283
866
835
406
91
698
109
562
529
525
819
424
659
622
564
440
362
708
601
761
439
755
114
298
675
829
607
685
649
257
599
628
745
486
563
409
814
726
776
677
83
694
799
384
553
822
452
693
496
762
625
558
57
560
753
30
658
396
268
697
704
237
255
747
448
110
327
226
273
754
725
523
111
863
591
385
376
101
317
194
67
700
615
504
27
248
401
686
192
308
229
143
528
472
703
7
4
262
459
13
533
49
552
289
511
580
778
701
219
668
145
618
610
97
258
827
224
354
383
795
596
411
775
11
608
48
386
167
261
366
850
670
633
200
282
861
646
184
22
173
519
330
246
223
521
135
316
394
68
689
765
773
136
803
120
