132779616
561511440
234297216
50214672
342584016
70060896
212681376
486773808
172487328
245806128
127133760
558921408
297919440
264058608
112464288
269594448
495883392
350597520
413816016
437142624
460258176
19285968
188414256
286150800
44131008
36678144
513659040
460771104
565014096
40535184
543381360
403682592
72516480
557542800
334045200
166310160
75940176
188326752
289275888
146683488
321180144
453566064
97003152
23851776
88712160
447615024
412674960
60986832
207295248
421739376
410681232
344123808
318220272
437731392
385306848
123167088
536527920
96064992
149551056
381185952
365559600
360117504
56423664
81595584
40015016
122457024
413471472
512350464
246695424
87961008
524982480
540291408
304363680
279394992
472860192
226505328
173456736
71030784
551405712
140569872
232635024
137343984
553992192
500419680
145354512
548023632
169040880
402236208
194855616
129055344
123293664
241944624
182053440
382848576
96341136
249481584
486840048
218690448
487198656
6973248
192545616
525567120
403935168
133627104
526028832
253549872
60795168
79335648
430204128
393454800
7588704
395831520
520985904
552431184
344170272
245641968
295627152
410633376
61423488
492142416
373012080
384528048
474992304
145598592
526101408
5754864
1220304
236977680
52189056
275789424
483860592
149715600
412726800
434367408
523934352
466766928
227937552
559792992
43774896
385356864
30517344
405091344
47210400
368387616
441784848
202183344
148256592
566000400
386175888
332351136
53927472
162008016
85479792
321496896
395691792
382527552
170812896
369485520
478202976
271009344
247080000
196091472
455383008
486356208
37040448
411229632
84082176
559824768
358616448
331318800
503993664
9710544
12642672
147035664
113473776
383653056
333100992
284520192
521233056
132544176
102734496
90525120
251049744
250566672
344102016
437583984
308468160
311408784
550552992
439911648
432439776
46687824
493012416
568977264
68772288
279383232
2082912
281879232
546057264
426170832
119946432
493182528
329649696
67219296
532194816
477013344
417313584
419001216
487601520
213463008
567926832
329622288
146662752
68611392
559239888
566303952
258991968
413763648
30097536
518707200
184178880
474612240
488761584
40320432
569253264
511464624
176328288
363050064
56174304
6259968
202781136
192766272
547329888
376855392
435377760
291291648
315745008
399651456
10050240
389620848
92263440
470660304
189474960
208667664
331002432
564719520
215507280
237729120
287606736
117230832
465590064
185967552
396344544
537665904
392194608
434948976
138505626
90498624
59750064
176985600
292938816
195432336
70837632
185887728
264325152
27254064
68955840
523045872
270139584
100971984
538500816
128183808
88637472
186768096
140272512
108202128
488897232
420164496
181317984
156533136
487811616
283156272
127064928
229085712
498696576
273657936
497270304
482808000
120038640
387002640
43872336
397567728
70112544
140610240
524513808
49890960
322756800
146238336
198555744
152173776
67954656
294940176
282363696
182203968
464229408
475790208
315675408
450113520
264987984
479022240
245640960
413270832
21757200
350917920
332400048
150061056
16468848
402468480
89743824
69665424
364499616
519276144
343327920
266047536
401987472
477239712
434333280
504465312
75196464
367150464
223343088
262810224
127779888
452795232
479072016
478514256
435668784
237871152
286070496
166356192
507011280
152930784
81485040
521900496
553779984
286806528
568223328
221632992
55445856
153821136
417052608
21799248
478908768
403336752
110056128
262308576
174325104
173424576
354017856
24202848
490908192
167234208
241615776
448637472
491143920
253417824
524153328
439205472
401330640
92679360
84562752
381428736
91343472
179611296
131987472
209049408
208855728
38761440
124400064
489638160
80925408
24462048
198637440
429158736
346413936
147242016
456250320
493377408
542690496
450656496
129859440
206669040
335075376
470356896
315467904
221833824
259833696
378354960
345622464
392254608
536114352
161068128
24265200
404930448
213083520
330213456
208663968
322331040
528352944
479937168
381340464
523873200
278964624
80733792
247809120
387806160
271172400
118325760
100759200
138125424
279643392
166993968
138619152
561792480
135267024
96621936
326781888
376492464
386166384
210152784
488289600
171775968
369928656
196912224
418871328
479693520
194833104
372798432
397641264
113153856
490582704
54220320
372778992
166843152
514003440
417176544
156592752
161302320
195864816
452730864
529175088
174483216
312781200
270210384
347104608
504022752
17369904
276304464
372386208
448171584
125027520
105751488
187693776
378863280
50167104
514471776
425357040
144673296
106446192
217968960
26292864
214767168
512884800
338391504
375106320
147936576
536582352
134224464
78178176
468818112
354845808
165904176
327655968
17619216
114269616
326486976
20041728
167953632
363066768
124316880
190224336
373230048
217981728
167373600
534792624
76913904
570040128
179823888
125640432
102203616
461256864
264020592
70749504
220525440
37829280
392338416
420448416
139060464
286706976
169424640
568862976
429284496
97508688
416994864
372295632
248343456
111610224
459175824
393108576
551159184
16046784
302840832
495056448
374497920
327735600
306793200
49682064
134186208
343354032
63002496
26748528
115264512
224737968
398539536
141947616
190183392
98741280
187836624
277040736
246876192
469350816
205374432
537463920
489845904
321011520
345407616
554901696
302275008
328061280
117905472
256885872
455370960
318789216
373704096
250742304
479683872
159548832
566468592
172248624
296125440
336551520
489674256
78351408
531452304
219329472
370857600
369922656
291718176
372313824
234660288
564033360
47128896
320407968
511042848
218790864
159232032
305740224
24648048
227478240
114316608
363499392
505450992
132882912
460795536
34348032
311331168
67973232
169403520
544745952
317234592
529615680
335410176
86904576
338711088
554143776
336600624
213984240
218574048
7044864
118086096
41805552
47839584
283766448
468943200
32897664
155470608
290546208
82400592
72685152
416886000
366199488
402832320
123369024
304012416
397484640
159586032
366342720
326096496
158696688
75827136
450470688
75892368
503776656
363144816
44892288
207461856
402045648
569676672
506511264
191033904
366182688
323298336
393758400
257074896
231034752
58726704
290586672
128592528
108834336
364553232
283510176
268668144
77857248
367185072
537876000
133301568
9856080
335134080
521000304
193102512
134700240
474224064
561193824
183298992
152832336
176566656
456441552
476043744
250615776
247215840
184763712
435436704
132644544
317344416
531730560
225546096
381285744
64774080
530775600
356840256
539126976
478286496
308037216
210426288
342047040
452033136
118056672
148958160
187178016
234226944
990912
252566160
369325488
424069104
149598864
488181984
545424960
72936816
107633712
121603920
141460848
71132400
146372832
168553728
465539760
365555424
23764944
172648560
424590144
359724048
516352560
297939696
95950608
458179296
415797696
67587168
132403056
271356192
520576656
465234432
314832576
559872480
385277856
3391008
