1000 1000 970254576
266
537
130
914
548
57
228
207
620
232
327
492
900
42
52
497
644
31
572
460
757
559
902
937
331
753
776
731
275
344
394
404
162
88
185
90
675
420
235
152
124
11
894
466
666
695
569
95
58
102
49
814
375
558
479
640
513
867
511
761
843
647
156
142
836
899
16
781
994
738
141
696
462
888
784
84
89
932
734
220
490
476
649
986
715
23
617
917
744
565
525
945
723
170
576
655
174
195
575
25
456
129
434
934
486
766
798
827
509
554
597
303
977
178
496
380
452
318
224
671
279
328
337
727
526
562
812
654
726
465
61
338
839
514
634
598
988
773
352
669
269
889
106
358
499
335
304
252
449
481
742
455
706
319
918
179
43
500
424
363
699
407
240
409
911
946
336
411
406
428
353
650
44
393
421
775
271
503
722
807
550
714
626
113
296
670
250
372
767
533
19
347
690
134
809
360
506
87
865
601
505
263
480
961
362
607
808
329
673
432
223
46
547
998
566
7
209
4
59
382
439
403
556
180
966
737
657
668
520
81
993
355
376
323
909
859
354
273
639
943
535
133
521
193
759
67
563
704
796
208
253
99
524
821
467
285
161
237
698
627
30
459
350
83
616
290
662
985
349
957
875
795
615
442
936
292
935
248
441
660
260
213
219
20
678
121
158
51
65
635
981
436
165
954
608
930
470
183
184
24
837
272
672
860
748
542
848
284
624
826
897
94
295
147
246
501
289
921
116
109
523
18
816
73
584
861
422
752
653
53
14
709
689
883
192
72
169
22
214
964
531
613
884
146
898
143
758
21
952
373
721
27
903
41
581
301
724
676
98
320
483
852
529
379
628
791
876
895
630
215
310
711
429
858
801
426
45
885
604
201
612
188
835
871
300
200
561
117
388
517
916
38
210
718
539
504
728
553
2
341
515
54
585
879
636
173
268
326
940
637
68
619
685
978
383
299
255
120
962
417
944
901
982
939
747
708
122
212
631
112
307
287
664
493
756
396
198
733
622
85
799
694
402
182
580
371
864
74
231
189
686
243
802
933
590
763
433
463
249
93
892
555
298
592
603
322
131
63
749
552
475
257
190
419
912
907
397
701
692
906
774
464
254
340
206
674
35
377
712
457
135
929
36
132
468
979
915
785
840
665
181
881
896
488
893
216
334
348
438
427
469
105
313
516
828
931
367
641
958
683
741
942
659
557
3
119
851
872
205
593
495
658
281
609
621
443
140
242
370
401
359
172
139
830
880
282
186
395
969
886
316
203
863
62
765
221
739
522
980
477
736
309
551
478
17
308
305
908
643
123
241
991
679
325
71
824
345
283
26
693
740
849
211
596
777
687
489
96
923
719
79
386
86
625
594
949
549
77
187
431
69
227
1000
910
261
239
39
677
972
790
874
482
707
502
351
818
315
663
415
222
155
440
538
754
366
705
34
47
365
291
405
720
768
399
160
927
110
838
691
494
963
735
743
171
138
856
919
218
688
811
412
270
983
642
947
833
955
294
111
882
378
582
234
866
845
423
473
850
312
391
32
540
333
10
225
614
167
76
956
832
450
941
82
806
413
926
276
164
770
324
66
430
681
965
651
530
262
797
713
567
920
745
149
545
5
764
579
458
204
844
645
15
846
697
384
772
48
137
368
445
13
578
145
543
37
91
487
317
154
60
618
825
680
103
710
343
573
623
788
259
999
870
587
115
532
238
453
820
786
803
656
855
519
28
602
992
794
778
568
632
588
151
339
950
416
857
760
148
157
560
332
904
364
869
510
8
33
55
990
829
507
126
100
975
108
29
652
544
546
346
256
725
717
267
330
574
414
448
144
633
586
64
392
834
684
968
361
887
527
841
751
595
783
306
682
408
638
938
176
293
385
233
823
175
534
779
357
447
913
150
369
792
446
805
703
387
771
75
862
800
716
230
780
410
80
989
418
491
1
953
437
311
128
288
970
750
400
244
451
804
868
746
960
264
854
251
997
474
700
435
948
571
817
873
600
444
702
819
541
127
297
196
589
202
454
842
762
591
229
247
236
667
191
56
163
389
959
97
277
12
278
810
381
107
646
512
114
50
971
984
286
611
274
648
925
485
168
924
461
40
302
78
891
847
967
974
661
732
92
153
177
813
822
265
996
877
890
995
425
101
769
570
194
136
159
973
356
606
536
508
125
226
787
528
831
217
471
245
564
878
629
258
518
197
6
928
605
390
398
853
951
498
472
166
321
484
374
280
104
610
789
755
987
730
577
118
9
905
342
583
922
314
976
599
782
199
815
793
729
70
