1000 1000 983761360
568
787
408
339
674
606
425
280
365
239
667
699
586
507
360
47
520
608
232
954
351
337
325
113
269
769
750
409
583
292
215
342
566
518
637
979
427
575
816
94
375
224
840
820
195
738
312
419
1000
661
379
701
163
389
684
97
781
561
95
666
626
37
132
498
579
946
398
882
937
976
630
905
778
668
948
13
741
407
740
131
88
434
808
522
470
352
235
517
361
6
899
16
447
319
768
742
700
812
85
73
889
454
854
386
469
212
936
857
396
346
764
35
884
59
367
720
309
307
807
9
287
702
952
535
439
747
82
636
203
441
103
748
995
364
34
401
509
894
612
199
761
458
829
8
875
704
252
861
432
335
619
827
510
413
261
623
219
57
877
660
859
182
777
170
388
870
247
774
898
538
642
225
755
713
860
891
262
911
286
734
334
708
233
499
326
573
571
602
902
927
712
813
450
788
599
223
459
69
394
871
996
972
685
343
508
417
60
752
947
646
492
773
555
957
519
549
241
154
949
634
106
906
160
681
757
790
746
678
556
981
931
442
198
231
503
907
284
591
709
679
186
672
96
5
966
124
87
511
632
964
765
970
802
838
890
536
217
920
374
267
40
403
273
618
21
383
938
42
775
462
293
322
53
237
858
149
986
460
930
294
983
431
7
690
800
695
68
557
673
121
1
624
338
17
908
527
727
837
798
295
211
592
177
497
834
821
493
569
719
724
544
140
951
475
717
209
723
532
180
480
297
370
635
104
627
377
588
967
393
314
528
368
167
358
464
697
792
617
961
189
448
18
993
165
302
202
722
373
300
876
55
716
655
226
779
682
547
230
988
901
732
620
844
156
950
205
196
168
184
171
659
916
707
270
191
791
842
744
114
130
406
119
123
61
44
664
30
222
486
445
392
810
369
990
80
865
36
63
283
2
868
925
580
204
982
116
405
166
886
357
192
631
71
128
984
879
991
823
590
162
956
236
641
194
143
874
915
313
161
153
783
581
76
169
461
193
622
613
923
488
340
137
258
687
271
214
676
190
467
46
158
395
603
565
418
378
474
648
540
662
628
299
801
456
534
715
665
72
296
200
743
102
647
567
449
263
698
276
843
278
83
49
187
705
514
577
953
943
977
789
443
14
883
794
306
543
483
279
910
250
315
481
804
45
529
506
410
922
251
176
758
594
92
524
242
855
589
644
148
426
980
903
609
958
504
880
238
274
436
830
216
332
446
795
969
992
853
380
831
291
144
316
159
201
115
960
515
597
435
598
43
179
268
112
32
553
244
610
605
904
654
19
985
663
397
862
213
490
867
303
824
27
466
963
770
228
362
505
689
210
638
150
174
62
999
444
849
822
122
136
476
614
878
692
77
64
762
15
317
562
54
796
331
372
730
656
955
400
256
3
749
172
391
745
621
20
465
872
658
206
721
900
328
188
41
151
669
726
799
513
289
430
366
611
786
10
253
282
482
109
912
928
220
249
587
11
683
24
185
39
965
671
935
266
65
973
145
146
330
888
243
468
633
913
487
548
845
892
828
933
645
255
885
305
714
766
785
848
521
347
354
601
79
142
616
56
539
384
218
856
945
691
563
90
81
887
363
686
495
376
939
327
873
502
494
221
531
733
793
371
265
473
643
455
869
437
38
533
552
260
175
572
29
183
349
108
784
604
257
359
525
776
841
896
288
323
680
423
959
688
125
478
245
576
345
477
471
585
806
164
772
805
551
12
653
99
75
537
558
941
4
91
240
512
944
710
978
100
178
28
825
111
350
33
107
412
353
909
344
208
489
693
135
850
811
118
23
457
657
971
421
385
50
152
298
440
51
86
826
254
833
940
129
93
70
324
67
110
308
424
895
485
404
932
58
433
751
52
731
411
290
649
753
281
523
105
22
348
929
120
321
926
703
847
275
836
615
48
248
472
229
706
754
570
934
819
336
595
541
725
919
285
491
918
526
134
341
429
817
227
25
355
141
84
625
117
866
329
516
402
737
640
428
975
496
987
139
333
173
756
739
851
560
735
246
989
453
554
670
484
415
675
479
863
814
542
835
818
101
864
500
452
578
416
234
696
582
31
839
301
881
127
914
759
994
259
304
852
264
78
815
66
387
760
729
629
593
803
559
414
181
767
422
596
155
574
639
832
147
584
942
897
157
74
650
390
207
797
780
272
782
600
277
763
399
381
771
133
320
924
438
921
809
530
917
545
310
677
463
962
98
197
26
893
546
138
607
382
846
564
968
501
311
126
420
652
718
550
356
451
694
318
974
728
997
736
89
651
998
711
