850946304
350338560
392224768
127106304
140328448
686875904
37832704
487578624
578492928
790722816
408342272
23162880
633022208
65821184
665450240
733298176
601945344
566814976
497905408
541046272
45746688
684173568
823247360
796610048
314146560
873916160
656474624
711196928
650587392
155866880
511127552
644989696
783966976
272935936
614588416
711872512
181732096
560541696
628968704
502537984
193769472
594031360
202771712
317041920
620572160
150365696
575115008
834346240
690736384
347153664
762637824
325341952
800470528
350531584
786958848
503313408
684945664
501379840
448008704
63215360
268206848
729534208
496071680
21618688
287991808
600015104
19012864
230470656
168413440
581484800
82035200
66593280
664774656
192830976
567297536
379774720
24417536
43333888
381704960
394734080
685814272
79911936
593838336
718935296
445885440
791108864
211168256
413843456
306971392
487192576
242341632
549925376
572895232
53261312
799505408
660238592
324923904
356901376
614781440
470109952
758101760
815815936
647981568
837338112
613140736
182021632
183276288
419730688
594996480
560831232
631284992
840909056
565753344
8300032
200648448
79332864
400235264
72963072
39569920
241666048
753662208
410465536
670854912
811955456
690446848
170150656
767752960
462710518
835600896
323894272
470399488
306908160
287605760
167544832
608894208
757715712
583994112
30980352
519717120
729727232
495878656
175844864
822668288
731657472
21136128
595189504
509197312
636593152
472619264
229988096
527052032
650587392
759356416
824115968
723743488
684270080
238577664
799891456
79332864
255182080
238770688
24900096
350049024
213195008
254116096
870827776
741212160
549635840
169764608
421757440
20943104
113884160
619510528
199586816
288956928
31076864
826528768
324666368
134248192
140135424
523577600
12257024
524060160
179430400
88791040
566525440
459783168
497712384
294361600
657632768
335861760
329974528
686393344
590749952
79718912
39087360
379388672
109541120
752021504
442314496
713899264
206921728
381222400
784739072
399945728
507460096
25672192
155577344
175458816
398691072
107514368
418089984
708012032
562761472
618159360
847085824
465766912
870924288
195726336
61767680
166290176
59161856
648464128
453220352
757233152
824791552
531491584
51730432
254116096
556295168
871406848
727410944
795065856
183179776
306618624
415098112
507653120
594706944
152681984
698457344
858956800
866870784
117841152
345030400
230181120
371088640
44974592
734842368
339336192
143416832
221784576
561796352
293010432
567973120
655123456
34744320
666029312
791205376
800084480
369544448
359410688
747388928
89563136
653965312
236454400
714864384
720944640
707722496
579458048
647692032
254888192
788406528
315883776
745362176
452062208
769972736
561313792
430540032
665546752
275155712
594394112
754820352
23259392
647402496
842549760
811665920
295037184
251703296
398884096
496650752
805875200
766498304
850270720
387206144
394734080
801435648
624625664
257107968
243692800
761769216
203157760
746809856
575501056
479182080
159823872
74989824
687261952
396278272
349083904
640164096
199080960
98564096
109444608
488543744
126913280
243692800
335379200
754241280
374080512
60126976
689481728
677900288
846857216
583028208
68620032
397256704
80877056
306136064
75375872
42561792
803944960
331325696
7624448
641708288
440480768
834828800
651359488
82903808
355453696
814947328
327947776
623757056
790915840
587951104
463161088
5597696
117358592
204412416
820448512
866291712
313760512
626941952
683102720
594899968
13897728
842453248
79718912
550987008
449649408
839461376
580133632
820158976
463740160
373694464
216303360
506494976
344837376
563630080
611982592
105294592
631715328
27216384
111953920
444437760
423205120
115524864
29436160
765436672
70743296
623564032
420792320
585441792
242438144
410562048
202964736
562761472
163877376
301117440
377844480
141390080
270233600
429574912
462871552
262030080
252571904
282104576
121798144
24514048
59065344
663133952
787537920
46422272
831257856
24610560
308452352
461037824
869283584
101337600
825660160
351786240
208369408
35612928
208465920
63601408
86957312
636207104
200551936
734649344
354392064
651166464
642769920
614491904
658211840
459107584
148628480
349856000
191865856
371474688
423012096
451772672
842453248
61285120
344258304
858377728
429960960
49317632
565270784
532842752
508714752
86667776
110699264
512864768
699036416
348215296
683401472
340976896
412685312
840619520
684752640
828555520
582063872
488157696
642769920
426293504
661300224
143320320
716119040
839268352
221108992
380836352
251606784
665450240
783580928
16020992
708880640
635338496
720751616
703765504
818904320
16503552
121508608
542300928
79139840
29243136
411430656
655219968
831547392
643831552
381415424
331808256
847761408
356997888
578106880
413843456
205184512
664485120
126044672
207018240
487675136
540467200
16310528
72287488
449745920
63118848
288088320
682822400
802304256
692956160
16600064
66400256
377744640
38508288
112050432
580519560
501090304
798443776
328526848
416642304
437971456
489798400
632250112
811279872
141872640
672206080
838496256
195822848
536799744
856833536
527052032
588530176
581870848
203447296
707336448
731560960
153936640
400042240
320709376
825563648
387399168
66689792
671916544
752793600
810218240
617194240
773736704
7141888
447236608
670372352
64276992
182600704
517400832
230181120
89466624
603006976
557453312
315015168
588530176
105198080
431681536
731367936
165228544
779720448
566428928
400235264
713513216
298608128
407763200
690060800
114173696
277278976
139652864
655509504
218792704
478409984
363367680
452641280
315015168
354971136
258459136
567587072
413746944
104522496
584187136
637391872
588144128
76630528
60416512
424749312
391163136
309031424
296558080
622019840
700001536
287605760
621537280
608797696
696623616
785511168
162429696
135502848
165132032
456501760
635917568
347346688
657150208
612851200
362113024
788599552
771323904
570675456
446657536
514795008
688034048
84544512
687937536
691508480
370895616
631960576
795258880
109058560
205474048
399559680
559094016
320130304
839171840
701545728
272356864
625976832
467311104
29243136
84930560
282780160
603875584
392321280
124307456
1158144
784353024
509969408
414422528
600787200
272260352
6659328
506591488
635917568
795741440
632925696
71997952
636014080
510741504
381415424
384600320
189260032
433917952
124017920
335475712
182600704
2412800
545196288
862238208
118806272
455826176
787827456
263863808
216027136
106356224
823054336
558321920
290501120
127106304
556488192
576273152
658790912
655799040
697106176
566332416
150076160
41693184
626362880
80394496
338274560
766112256
749126144
760514560
150944768
750380800
845541632
122666752
583704576
255563776
599532544
594899968
555426560
283745280
387592192
123535360
847471872
778851840
519331072
321481472
286254592
464898304
825467136
289342976
316269824
722199296
64663040
551469568
514795008
310865152
534097408
16986112
759163392
791012352
400428288
628872192
361147904
556874240
621344256
50089728
279595264
360858368
709652736
531298560
614588416
105391104
486323968
738220288
688516608
5308160
39859456
443086592
679734016
568166144
57231616
127492352
596444160
827011328
694789888
431215616
289536
138880768
279402240
563051008
471075072
198042624
136081920
511899648
29822208
169185536
326886144
634276864
422819072
722778368
565270784
457949440
470496000
666897920
216186880
517207808
526762496
433435392
101048064
209527552
639392000
372922368
539695104
820158976
824502016
477637888
506977536
769876224
408149248
125562112
39376896
146215680
17661696
660238592
870248704
369930496
352461824
51923456
379485184
778176256
319358208
202385664
420213248
259134720
614105856
546643968
415773696
351979264
384503808
59161856
61381632
807419392
559769600
117262080
213291520
650297856
613623296
264442880
368289792
333352448
754723840
71821568
487289088
97959680
542880000
311637248
718917888
750187776
391356160
520006656
831484160
487192576
535545088
753083136
287219712
862238208
19205888
107128320
328430336
390584064
306039552
384986368
634276864
175458816
830099712
693824768
328816384
803462400
739571456
108962048
113112064
556005632
27795456
412009728
484876288
30111744
710328320
587275520
606577920
703862016
643831552
112629504
119192320
830968320
233945088
460651776
817746176
333448960
84448000
323894272
652710656
766015744
613333760
190707712
507460096
502055424
619800064
513733376
305363968
69392128
151234304
723936512
743142400
657729280
170922752
750187776
301889536
436204288
37543168
865133568
19591936
63503488
803172864
192348416
665160704
390487552
207597312
589881344
441445888
812244992
165035520
265118464
466539008
778562304
233752064
98924800
