879 879 874302208
874
761
353
70
168
90
129
356
126
537
427
131
717
230
864
545
809
837
31
30
720
412
777
791
435
482
166
123
350
774
367
539
115
326
878
857
76
50
764
276
15
870
659
589
358
564
819
685
425
561
829
656
284
628
74
21
341
173
143
650
236
765
710
141
248
256
388
218
644
834
244
558
79
101
149
444
660
800
29
105
738
474
47
12
307
619
132
410
17
301
436
169
694
27
381
211
11
510
871
190
600
215
695
213
860
401
454
392
387
450
440
651
439
732
497
521
543
479
691
181
338
331
346
316
595
37
689
1
128
725
844
677
529
84
400
202
336
852
820
433
200
178
779
438
533
323
855
56
313
167
121
556
802
72
588
467
452
185
270
8
209
792
198
672
404
237
517
827
55
799
154
155
235
322
849
201
573
578
352
667
402
383
34
10
279
197
673
538
478
850
740
192
434
847
755
188
823
760
309
534
49
441
406
509
712
869
293
863
585
351
174
64
541
233
491
567
832
182
159
769
472
737
719
443
171
813
579
375
522
343
754
631
574
250
262
562
216
120
312
98
770
396
345
557
702
96
547
243
614
268
516
640
260
583
524
328
542
339
369
113
613
294
257
287
535
643
810
602
191
568
107
302
460
453
825
278
811
713
615
127
13
317
502
426
308
82
212
729
405
249
264
877
536
110
540
519
91
150
348
227
841
775
859
142
291
417
451
144
668
109
19
6
714
753
296
580
629
776
445
645
80
762
9
3
593
28
773
232
203
136
496
231
334
344
570
493
325
465
41
480
782
469
550
518
152
752
728
508
269
621
442
783
7
93
498
784
462
586
663
785
36
682
646
821
24
299
553
868
867
743
5
481
796
767
470
487
87
99
494
411
242
500
35
742
459
134
253
430
275
633
196
875
637
787
259
475
705
582
95
398
845
797
623
172
861
422
281
258
505
52
180
692
295
709
678
373
669
429
66
620
581
746
514
611
872
501
471
858
124
160
723
716
421
634
572
846
148
697
77
448
145
789
548
730
843
176
675
822
772
321
170
97
576
75
780
876
361
408
745
119
591
116
635
207
51
527
641
865
378
605
106
711
54
756
153
38
463
552
138
122
833
788
879
506
670
393
71
793
100
437
486
194
735
219
592
686
795
565
671
81
20
94
45
2
625
102
664
721
854
255
409
394
630
489
118
706
273
815
681
349
549
741
812
684
551
597
205
607
158
283
68
503
226
563
676
511
750
63
653
62
718
853
666
156
432
652
798
826
25
456
680
484
44
147
59
86
636
208
647
254
364
183
835
566
263
416
483
724
165
587
708
596
739
22
862
804
40
495
385
507
16
114
372
289
397
223
245
424
240
252
319
315
164
130
632
261
423
805
698
135
736
282
525
688
39
384
266
177
734
577
612
617
758
731
187
247
627
687
831
699
466
48
457
838
220
569
419
179
379
251
803
554
288
195
368
382
280
300
117
609
544
449
679
140
532
329
357
306
125
210
355
575
626
18
89
151
766
814
856
873
360
267
749
239
704
320
43
274
468
816
654
828
528
661
657
221
504
559
790
370
162
332
806
599
305
407
665
290
58
824
418
512
830
314
701
693
655
447
163
415
624
515
374
60
238
642
33
781
598
530
726
146
376
390
757
759
751
476
662
363
455
807
184
649
217
88
488
61
224
225
327
199
492
85
608
771
298
67
413
477
555
92
175
700
365
639
108
395
648
342
139
622
189
229
866
458
335
303
526
603
111
206
818
46
354
386
428
840
133
808
606
590
604
414
112
594
786
161
748
83
157
377
297
546
324
616
851
703
464
340
601
391
362
73
23
560
531
707
794
485
137
193
366
14
272
337
836
69
265
32
286
228
842
618
234
222
499
103
722
330
683
744
389
610
431
747
311
371
768
513
318
461
490
520
523
57
65
204
420
733
380
292
696
186
638
848
277
658
839
359
241
285
446
399
674
53
715
104
727
801
26
571
78
271
4
42
246
778
584
763
473
214
304
403
333
347
690
310
817
