181553920
222118400
421414400
435060480
399555840
312166400
489518080
301103360
189272320
35247360
249475840
416622080
17409280
503325440
153424640
201536000
504954880
55915520
423397120
220832000
184727040
477168640
235925760
422182400
383089920
466451200
95193600
174007040
192445440
90391040
275203840
351101440
355217920
271687680
134728960
24303360
50083840
238498560
425541120
25402880
212770560
375543040
267828480
199134720
528367360
477597440
272545280
285752320
151623680
382575360
533941760
514903040
125038080
286266880
87389440
483772160
541660160
545762560
16808960
52537600
84216320
239441920
266027520
490804480
563528960
372369920
419464960
516704000
545090560
444494080
30101760
233267200
35247360
370054400
365852160
259767040
280293120
8576000
187975680
355475200
119377920
496893440
478112000
224262400
456414720
334549760
477511680
27443200
547320320
302932480
496550400
410533120
27786240
61661440
104627200
24441600
3646720
96480000
96651520
323915520
438490880
235411200
380088320
434036480
351873280
453241600
219717120
305905920
422796800
294928640
497922560
562242560
115004160
468506880
37219840
498265600
8061440
8061440
570046720
29587200
73582080
137644800
325630720
193560320
218945280
150337280
482914560
486558720
453070080
359162880
401356800
108829440
388750080
237984000
477683200
283179520
96823040
51970560
316368640
430858240
254449920
473995520
411304960
304876800
228035840
328328960
451783680
228636160
468335360
365080320
211827200
126753280
279210240
309679360
164659200
206681600
217315840
486430720
289783040
181896960
167918080
460188160
192788480
203079680
489946880
186785280
280949760
24441600
289096960
54457600
367824640
182540800
563185920
374085120
96737280
306334720
251791360
553066240
152867840
122551040
187642880
357018880
126924800
91934720
385921280
249904640
273574400
262885120
189529600
356075520
273831680
270401280
78813440
4716800
184812800
397411840
163201280
490547200
316368640
536514560
477168640
136529920
358734080
451354880
517904640
102225920
200249600
205309440
339523840
93221120
520428800
187699200
282836480
159256320
310279680
405902080
564215040
325888000
364394240
197934080
231037440
460445440
212170240
566873600
289611520
81214720
473995520
470222080
523907840
20839680
133699840
500495360
182583040
453413120
391751680
401699840
169633280
356847360
301875200
275032320
455985920
497751040
207710720
71866880
181296640
187557120
392734720
496293120
540030720
412419840
130440960
393123840
490976000
34904320
230865920
118348800
423225600
54511360
483429120
189015040
98023680
119806720
476997120
555214080
408188160
276833280
455214080
318941440
413620480
158227200
303247360
431531520
152573440
53600000
84216320
279234560
419880960
407788800
276404480
166707200
247331840
531283200
335407360
76840960
83272960
438662400
204709120
29587200
302818560
384633600
132928000
376663040
58059520
112345600
141160960
296558080
120921600
96565760
165774080
325630720
381546240
267571200
192188160
312944640
492776960
557525760
130097920
166545920
524936960
273317120
164916480
153253120
362850560
400756480
77955840
460788480
463016552
32074240
269029120
194160640
19724800
359731200
566959360
77784320
482485760
164896000
489003520
372284160
368682240
81557760
366967040
349900800
62293760
225463040
229751040
521296640
496207360
453070080
132928000
508213760
200849920
8833280
242872320
48454400
390122240
497836800
242700800
424083200
224348160
378287360
261053440
549292800
135677440
256765440
508642560
530168320
287553280
150251520
78641920
196561920
17923840
511386880
465162240
185584640
267142400
432144640
529482240
332234240
301532160
105742080
430343680
77870080
394324480
55915520
397154560
22329600
400756480
187728640
309250560
193817600
492862720
176751360
344412160
385920000
477254400
328488960
211725696
359077120
185670400
370225920
295957760
134557440
85159680
58316800
490865920
235411200
368309760
120149760
182583040
70752000
400670720
290983680
188730880
486945280
378208000
70923520
277776640
297844480
307706880
498608640
472366080
315054080
294842880
237984000
458472960
533598720
333263360
152652800
523393280
312595200
76755200
219459840
170233600
60460800
77527040
234382080
229836800
17752320
283093760
215943680
478626560
74782720
175550720
67750400
302990080
532998400
340295680
91591680
92449280
13893120
161914880
44252160
322094080
55315200
24784640
47082240
483000320
404615680
97381120
163372800
554352640
392609280
62004480
461903360
149736960
423997440
68522240
402643200
395439360
454442240
446638080
346213120
527252480
560613120
380602880
258652160
539516160
540030720
29009920
54028800
349815040
299731200
481799680
162858240
407016960
479998720
149308160
345441280
288839680
255479040
1372160
466620160
213628160
432401920
458558720
485697280
23841280
1629440
301617920
6174720
127096320
182411520
311394560
390894080
483848960
282321920
123322880
160628480
205137920
428199680
565587200
192445440
541402880
130097920
245788160
456757760
174607360
96308480
18524160
419023360
273059840
344326400
422368000
251534080
413792000
436111360
474767360
369226240
111230720
99636480
18781440
465076480
470993920
301875200
308564480
392952320
109003248
531368960
497922560
23669760
144677120
207968000
502124800
105227520
1629440
152652800
64663040
307449600
184785920
363450880
507136000
167146240
561899520
78556160
293813760
359077120
63805440
516469760
505812480
521849600
324258560
214228480
243558400
293556480
520734720
258995200
306248960
338580480
55960320
353845760
115014400
313367040
428172800
531025920
363536640
530597120
401185280
214673920
85931520
395031040
132842240
152824320
161143040
15093760
255307520
321171200
554181120
526995200
278353920
303075840
504954880
241585920
385557760
112002560
45967360
500152320
534970880
463189760
285160390
442092800
563957760
564472320
494492160
226749440
94421760
313795840
2144000
359848960
81557760
436432640
243558400
560441600
515160320
45967360
444837120
167660800
368081920
177265920
366881280
343297280
342490880
542775040
313967360
31302400
361907200
112945920
534370560
423911680
521335040
381717760
195361280
31216640
168947200
492605440
233267200
33189120
181468160
169032960
246560000
326059520
269629440
163801600
135843840
254707200
189186560
543975680
301189120
143733760
10805760
318598400
305820160
