641 641 570561280
397
547
25
462
474
247
322
199
310
367
329
593
606
109
406
636
155
202
413
364
346
314
639
8
478
36
238
200
336
90
68
69
595
103
159
60
105
559
608
64
326
427
532
83
628
408
415
585
512
494
135
85
569
279
356
379
445
50
108
56
410
447
475
365
599
515
48
250
496
270
157
394
206
594
556
141
46
476
63
460
506
153
227
451
168
452
224
352
543
45
439
548
277
125
320
634
33
280
422
148
383
502
456
49
215
498
225
480
75
420
132
162
235
82
555
426
483
589
204
72
294
293
503
147
229
112
638
12
391
376
567
244
495
609
171
116
564
282
78
255
468
485
97
234
416
31
129
144
253
306
435
527
66
86
358
500
169
139
467
493
453
558
174
220
619
541
292
243
424
546
288
38
366
258
526
161
210
544
5
298
296
560
629
319
26
265
151
58
257
98
96
620
591
520
99
570
176
133
600
304
136
173
583
448
412
345
572
565
172
327
54
9
552
274
321
351
482
492
465
590
522
616
373
440
349
131
371
627
254
191
347
92
431
284
221
297
432
531
134
291
393
389
434
189
580
511
22
578
421
630
574
621
598
400
355
401
504
17
95
188
237
575
166
55
59
130
469
179
615
372
602
6
52
561
348
617
403
239
91
35
193
586
553
142
251
127
149
626
581
260
264
29
386
576
521
311
307
84
486
318
385
402
79
51
289
201
375
308
625
362
542
596
530
271
443
398
2
499
301
551
587
11
123
436
181
19
377
118
266
463
317
545
16
196
582
32
230
124
390
414
466
111
368
490
192
509
603
203
588
417
138
152
7
479
340
87
360
213
407
350
592
67
303
241
338
584
380
529
339
128
374
381
207
300
269
10
194
554
305
539
80
122
344
218
430
53
4
622
100
505
550
302
211
160
39
455
15
93
353
557
233
154
24
323
30
597
618
384
396
140
267
37
77
614
219
81
461
411
107
566
640
342
276
104
335
369
278
198
442
190
392
330
74
633
491
242
236
119
325
343
240
275
34
295
444
223
281
449
61
209
354
337
332
120
113
378
514
115
446
488
214
370
489
222
528
110
641
156
20
185
121
536
137
459
71
217
212
433
601
395
429
428
341
231
70
65
102
605
285
423
273
252
268
534
23
388
473
165
419
363
261
290
334
623
516
425
518
184
624
283
481
197
245
195
164
40
405
41
409
13
538
263
517
611
117
464
3
163
577
399
484
246
315
232
216
167
175
187
28
540
21
610
205
106
94
259
312
44
248
613
226
562
510
73
508
208
272
437
18
76
42
525
47
313
632
635
287
57
262
27
438
186
507
177
604
331
573
631
43
519
501
114
14
441
145
228
418
524
1
89
612
146
471
382
549
472
316
324
249
579
178
571
450
477
183
309
523
487
404
357
62
180
101
637
535
454
458
286
387
126
88
513
158
533
568
299
143
607
457
182
537
328
361
359
563
333
470
497
256
170
150
