534 534 950391040
463
20
99
530
283
97
9
436
504
220
461
407
285
16
193
76
13
295
85
137
503
80
139
56
471
488
356
367
162
218
114
452
359
3
420
133
144
4
444
168
398
118
200
416
73
529
125
233
47
19
474
173
433
480
179
467
400
31
42
274
36
333
141
334
196
506
316
479
130
25
501
289
399
421
207
175
533
221
242
182
477
155
476
306
523
40
208
252
472
254
171
128
217
206
265
459
104
516
331
268
82
518
392
389
86
64
38
269
178
110
239
235
15
519
354
482
2
68
296
284
287
152
357
129
89
394
457
325
378
381
319
237
165
279
244
267
406
449
342
292
401
327
337
43
257
372
303
5
194
527
224
44
10
262
311
332
11
430
161
123
413
493
385
411
422
122
362
112
12
67
93
14
88
456
226
379
434
442
77
478
330
263
346
322
243
27
195
441
409
324
52
498
513
429
391
373
151
7
336
360
126
181
227
431
353
223
502
191
146
29
305
26
470
37
264
119
408
166
63
163
440
87
307
271
134
258
53
240
115
383
454
312
297
273
45
521
308
350
294
219
124
83
251
315
78
192
485
248
281
94
309
136
253
486
34
106
211
95
326
291
443
256
167
234
272
18
450
417
405
131
46
418
164
92
341
483
402
121
90
376
169
465
490
534
377
101
140
259
50
1
403
189
30
231
390
415
496
344
494
215
438
199
288
138
370
212
210
48
298
345
203
170
158
65
143
507
176
142
159
469
39
448
455
419
492
236
473
250
505
335
396
145
260
66
160
228
276
425
468
172
310
197
153
321
59
74
41
313
328
209
368
75
500
299
369
364
388
499
249
61
393
71
127
525
49
351
103
6
188
120
286
51
464
302
300
278
531
187
23
60
497
522
374
293
105
261
371
432
81
204
216
132
186
339
481
35
343
28
404
462
314
157
380
266
54
222
55
116
21
509
428
213
247
232
230
111
202
185
437
277
526
24
205
451
156
475
323
363
445
446
62
135
275
255
524
484
108
183
184
180
57
395
246
190
329
387
84
113
154
174
435
100
107
414
517
320
386
366
8
487
340
532
338
528
229
109
245
238
460
70
72
58
375
365
117
495
514
96
358
384
241
150
491
355
453
32
512
318
33
301
91
410
427
98
412
225
466
17
280
510
102
489
317
270
423
22
148
79
511
201
520
508
382
515
69
352
458
177
361
397
349
149
198
439
348
147
282
214
290
347
426
304
447
424
