71499776
480116736
225378304
220463104
399704064
510263296
198363888
363659264
181796864
326434816
330039296
71368704
73072640
17498112
370737152
136249344
367853568
305135616
384499712
333709312
433848320
152829952
470876160
294715392
453312512
394067968
60751872
134283264
134545408
210567168
162725888
437452800
302055424
317456384
344457216
497549312
35389440
297992192
324075520
497418240
312475648
412745728
221904896
317718528
135004160
275316736
379387904
309788672
484638720
324599808
299958272
259588096
456523776
373817344
492634112
379453440
514523136
434896896
185860096
56360960
435814400
329318400
426508288
200802304
483917824
260636672
219807744
277544960
183107584
256507904
54525952
217972736
352452608
71958528
338690048
292749312
507772928
133758976
370802944
459472896
1048576
500170752
430374912
244187136
506986496
413138944
437059584
520290304
514392064
152371200
114425856
541261824
90636288
400621568
275054592
228655104
296222720
138018816
236584960
541786112
249692160
99418112
220200960
154402816
356777984
109051904
90832896
519897088
535560192
406650880
85721088
343343104
257490944
366608384
539951104
360644608
148439040
276365312
270860288
359006208
246743040
489684992
88014848
80084992
128516096
314703872
14024704
310575104
247070720
171114496
176488448
225116160
178520064
25755648
170524672
400490496
317784064
192348160
240123904
319160320
479854592
477364224
443416576
267714560
463011840
6684672
359530496
13238272
80019456
329166696
223215616
343605248
338296832
506789888
536543232
392822784
188219392
78970880
348389376
296615936
393216
65011712
197328896
141295616
72548352
126418944
115408896
79626240
113770496
295108608
491520000
7929856
58327040
145293312
123404288
480837632
65667072
198377472
37617664
381157376
427622400
393216
448135168
173670400
245235712
462159872
356777984
180289536
508887040
167247872
163577856
36044800
513671168
277151744
516292608
382271488
462487552
126156800
297926656
512950272
526778368
99549184
188678144
262864896
357302272
235601920
30081024
218562560
321650688
509542400
3670016
81461248
63111168
169803776
243859456
7012352
98828288
68354048
523042816
146210816
239599616
439025664
137887744
211091456
261488640
260177920
291110912
24313856
370606080
125370368
136052736
47644672
140378112
102236160
67502080
143917056
410910720
406454272
87097344
64028672
77070336
506789888
507838464
268304384
409272320
121044992
296615936
99680256
262995968
375193600
375062528
436600832
487849984
386596864
310247424
107085824
74121216
153878528
182779904
347602944
162398208
149880832
352452608
510590976
389611520
62259200
115736576
13107200
85786624
521666560
6619136
187367424
149028864
502988800
412680192
185663488
258867200
112197632
258670592
46006272
29425664
81526784
186974208
429850624
95223808
286064640
351141888
261881856
131268608
253296640
189267968
276168704
278855680
361824256
178520064
538443776
420151296
163381248
500695040
272105472
492306432
287571968
302841856
480575488
4456448
329711616
172752896
465829888
338755584
497942528
238419968
130875392
319225856
235864064
530972672
80609280
235405312
84606976
245104640
231931904
152502272
396492800
224264192
284688384
493879296
419627008
301793280
456654848
167575552
326369280
242221056
538902528
99811328
95551488
419102720
260440064
405798912
164954112
382926848
177864704
330760192
285474816
41615360
160235520
411500544
87228416
391184384
495386624
124780544
371851264
498860032
275120128
373227520
336789504
203620352
59768832
98435072
102236160
374145024
359727104
390332416
29097984
350748672
188416000
390070272
244973568
349241344
103350272
488833024
204734464
328269824
119406592
332660736
261357568
248381440
274006016
271384576
105185280
220266496
401997824
395968512
487325696
445251584
339804160
279248896
257097728
294322176
438173696
464650240
32768000
320339968
84934656
146997248
489095168
417202176
373030912
236060672
222429184
423493632
352649216
136380416
451018752
541392896
415629312
33292288
269352960
275578880
330366976
230752256
529989632
271974400
357826560
66453504
481230848
261423104
400359424
95354880
3801088
495517696
218300416
433782784
119930880
147062784
363528192
290324480
87162880
448200704
27459584
276103168
261750784
242679808
190578688
428474368
407699456
148570112
527826944
327745536
460783616
457113600
118751232
18546688
393019392
49020928
334954496
266010624
404881408
526909440
379125760
433979392
136511488
414646272
20119552
179830784
190447616
224395264
45678592
503709696
331808768
50659328
461176832
15007744
394395648
18153472
361693184
506658816
45383680
34865152
104071168
49807360
220135424
183173120
162463744
399769600
402456576
370802688
325779456
10092544
437452800
409534464
520749056
313720832
3670016
499777536
322174976
522846208
233308160
144179200
40501248
448004096
108331008
299106304
488833024
247070720
111017984
121438208
90308608
25886720
539885568
93454336
144769024
302624838
191692800
381091840
21626880
271712256
295763968
73138176
452722688
279248896
248643584
268435456
184221696
111406464
8650752
366909440
81657856
209256448
322764800
265093120
150077440
27918336
442368000
331284480
138805248
461176832
433979392
398983168
258146304
322502656
331808768
455802880
504823808
58720256
459210752
3080192
134217728
211746816
49414144
119668736
525926400
264896512
326565888
5570560
138412032
212205568
320667648
4456448
201326592
299368448
263913472
4718592
304021504
529072128
413073408
372047872
367656960
525664256
370081792
42401792
232128512
450822144
373620736
289275904
101253120
16908288
21430272
197459968
395116544
32243712
45154304
490274816
396951552
198770688
195231744
328728576
408420352
433520640
442892288
492961792
167510016
242286592
468320256
363724800
33030144
126353408
64684032
475398144
379125760
120389632
488308736
535232512
290258944
409403392
1245184
162267136
426967040
250085376
242679808
284098560
327811072
463798272
195952640
163446784
525336576
483917824
104726528
278724608
387448832
73531392
185270272
388431872
23199744
392429568
373161984
248053760
462749696
112132096
461111296
57016320
129630208
520814592
306774016
477036544
80216064
655360
347930624
520224768
436862976
425525248
79101952
381550592
438566912
88604672
417595392
472186880
292880384
426508288
297795584
277217280
223674368
305135616
186843136
33226752
281083904
513867776
53018624
33488896
253231104
299368448
358219776
178651136
382205952
41615360
457703424
536739840
282656768
357761024
284753920
312541184
212336640
8781824
88866816
353239040
447348736
202113024
318570496
137625600
361758720
359202816
313458688
154206208
34078720
369164288
124190720
189661184
429457408
28770304
469958656
123469824
68091904
400424960
246087680
313262080
520159232
259981312
293601280
358088704
47513600
417464320
315359232
109707264
76218368
136970240
216727552
379650048
347472896
357564416
432668672
320864256
350748672
359989248
82444288
198770688
232325120
108199936
448397312
135266304
224460800
231342080
396558336
479657984
385875968
257032192
160301056
448987136
273285120
178520064
275578880
353566720
378208256
209453056
417792000
158728192
342491136
49741824
163250176
528941056
115736576
199360512
97583104
148439040
333840384
288882688
360579072
536674304
362872832
301531136
264372224
469368832
401997824
40501248
290324480
138739712
317456384
27656192
257949696
85917696
464781312
206635008
391446528
174391296
191692800
517341184
349241344
473235456
302907392
121503744
393805824
509018112
142213120
456327168
444268544
135397376
396099584
451084288
256442368
287375360
217907200
475987968
343474176
101515264
37027840
393871360
396754944
85327872
344850432
259719168
393347072
42139648
50593792
305725440
4390912
222953472
215416832
515178496
