1000 1000 536870912
455
956
639
312
33
127
13
655
860
120
508
183
634
802
884
646
759
907
472
422
146
896
928
224
520
787
171
917
856
434
437
615
243
934
752
3
416
771
901
843
983
143
338
992
415
697
698
943
499
959
107
837
625
449
271
287
756
11
246
284
661
447
796
528
407
775
362
258
137
155
671
64
613
868
58
166
374
941
292
688
157
492
940
313
853
69
367
309
792
620
167
319
717
955
507
813
414
794
971
556
947
469
105
296
722
451
518
509
197
514
551
743
877
486
123
200
401
814
398
653
755
14
290
315
392
953
540
182
564
788
311
595
728
445
966
825
304
212
960
808
154
320
332
803
175
62
705
119
251
887
748
406
326
644
122
954
303
439
302
819
880
54
436
203
746
73
269
282
325
49
548
411
573
180
664
417
946
442
343
888
693
23
687
738
629
662
678
553
993
724
851
18
225
583
566
985
391
701
473
925
685
961
101
683
306
812
599
149
882
660
389
622
673
785
353
968
938
5
208
811
305
762
874
409
568
79
667
30
949
158
658
822
919
55
462
196
36
795
418
726
744
635
538
601
945
87
134
922
899
75
355
481
61
588
427
721
982
918
316
506
365
346
826
535
35
28
403
160
383
541
454
31
299
453
578
263
821
48
377
783
623
44
261
857
591
645
502
987
487
579
526
345
647
699
670
76
286
151
621
952
47
672
452
115
356
56
118
510
527
902
78
948
736
153
81
777
71
686
840
929
340
25
366
256
581
126
558
900
575
364
351
958
715
164
57
173
912
237
229
694
139
22
435
950
550
839
379
587
679
27
194
91
324
663
4
369
963
259
298
633
52
301
654
996
108
498
681
359
980
110
737
465
205
93
515
592
806
596
978
761
314
40
766
570
561
375
430
475
32
974
347
497
95
84
763
557
15
494
513
295
652
643
617
380
628
485
247
708
864
174
607
163
828
181
640
223
895
300
483
789
86
589
34
576
349
441
211
458
967
563
323
270
94
542
800
517
665
67
859
216
480
891
810
799
291
109
879
836
262
103
855
569
215
964
915
602
1
559
525
689
169
433
279
680
910
478
397
881
695
412
90
129
610
898
994
489
732
150
512
102
733
438
253
998
774
128
702
582
38
202
865
195
425
275
823
830
706
490
336
973
690
807
46
6
170
626
608
749
177
504
921
294
773
747
168
393
80
130
265
24
875
593
488
776
933
609
121
537
192
381
464
885
586
420
335
848
624
530
344
838
384
772
696
962
547
254
845
142
297
459
361
657
844
83
869
642
883
519
780
144
372
328
931
141
616
523
274
376
226
210
92
370
468
760
106
939
741
739
378
991
740
410
618
476
890
731
641
289
111
682
751
942
712
245
769
124
20
505
873
727
348
842
8
598
308
765
85
846
252
334
719
779
227
782
99
871
720
989
43
402
29
552
431
516
444
827
704
388
363
59
408
387
801
924
285
684
307
147
426
791
809
152
816
273
714
236
805
277
897
232
920
637
280
241
984
272
72
669
511
235
577
135
238
580
831
495
870
631
914
140
145
222
904
318
630
10
703
798
255
951
188
450
524
666
395
12
337
600
545
700
878
112
539
532
521
470
892
428
70
944
471
742
264
735
817
63
1000
400
852
793
221
53
649
394
674
632
77
711
456
501
832
249
781
522
804
360
835
132
26
606
350
675
590
612
889
908
39
651
214
909
926
729
786
310
98
503
179
555
460
604
677
184
228
707
114
116
429
89
17
913
936
207
74
614
975
100
668
233
448
117
440
784
713
424
676
986
571
404
854
432
68
65
396
266
390
97
730
358
220
382
482
230
339
493
156
597
603
50
373
847
500
636
574
242
745
466
876
605
185
293
767
572
565
419
165
191
988
204
329
753
159
894
104
650
957
330
278
217
656
619
611
322
820
88
138
467
341
357
861
979
96
790
930
268
872
321
999
866
463
231
317
867
549
797
824
125
858
529
172
342
995
446
82
692
562
218
193
496
457
250
421
21
659
190
260
965
725
281
331
66
176
990
333
977
718
178
863
161
2
533
981
219
906
413
136
923
560
734
443
849
16
723
45
148
474
916
423
209
584
770
638
198
554
935
818
37
9
757
970
648
927
257
162
267
886
905
213
691
186
710
531
972
234
969
201
834
131
903
764
627
479
187
244
283
829
461
368
199
133
385
546
833
399
893
7
19
206
911
371
778
716
709
484
477
240
386
815
976
288
534
937
758
352
276
567
327
841
594
585
536
491
750
405
239
354
60
41
113
768
862
544
189
754
850
248
543
997
932
51
42
