944 944 536870912
92
550
803
691
198
649
367
894
697
903
710
924
673
167
397
488
499
72
244
243
259
501
943
282
288
119
5
30
657
312
583
725
422
789
44
87
58
39
765
603
413
733
875
145
406
13
169
178
247
434
441
459
166
605
404
574
458
322
33
817
368
645
187
240
553
212
869
594
486
652
613
796
551
681
117
655
908
67
210
250
18
64
864
438
815
159
582
208
271
510
612
500
641
471
340
123
120
183
852
858
399
174
503
592
722
674
561
708
495
40
395
625
478
835
225
173
571
773
238
144
354
256
217
600
384
509
624
766
267
515
917
777
347
139
888
97
151
363
690
732
432
71
342
576
693
233
626
376
216
327
842
209
897
10
402
407
369
25
88
284
880
830
915
807
190
418
735
586
541
118
162
611
22
470
82
768
490
297
460
727
633
664
688
344
55
784
783
391
306
682
493
239
90
294
666
705
563
298
602
696
787
828
206
598
683
20
854
318
179
412
535
171
270
512
476
543
707
935
81
799
706
763
14
29
213
750
847
578
416
887
867
526
898
401
396
859
614
726
937
215
191
931
876
670
795
264
411
34
646
622
156
545
227
382
909
892
377
899
629
643
671
373
627
823
164
565
121
113
617
335
102
902
714
549
539
348
632
630
567
385
885
572
723
108
825
752
41
863
52
310
687
291
634
568
175
466
662
651
280
131
580
59
638
609
1
46
610
642
524
590
353
157
351
66
467
380
356
242
285
258
941
475
522
810
296
43
27
73
12
219
770
455
390
778
398
577
483
890
36
601
229
689
780
525
176
536
871
712
444
868
850
84
754
445
341
134
50
35
866
189
759
324
251
678
168
99
365
573
547
703
644
78
98
838
454
462
552
89
359
315
719
560
516
804
841
585
245
49
494
32
343
429
758
235
781
798
426
679
129
186
932
142
820
158
161
140
756
755
554
853
381
772
74
905
37
821
409
669
261
16
840
779
456
639
834
914
884
506
891
194
122
591
328
715
920
802
375
421
465
234
254
533
919
767
290
185
170
260
110
492
762
28
165
446
474
389
301
364
790
326
713
818
507
272
544
654
479
484
800
498
361
95
882
826
403
640
360
320
263
193
337
824
793
873
581
648
7
317
300
595
936
716
252
319
357
6
443
2
303
482
870
637
647
70
530
774
199
742
419
440
923
152
477
819
813
112
792
128
806
323
420
570
528
408
336
513
938
814
749
207
636
607
511
105
94
686
717
292
379
497
701
480
748
394
287
656
226
532
427
944
11
447
788
861
461
606
321
276
925
85
922
901
743
928
631
268
230
621
502
222
325
428
558
201
741
878
266
604
21
940
566
728
372
305
197
926
414
378
329
537
927
836
457
60
24
149
106
346
203
345
593
782
452
371
147
155
387
316
195
822
48
546
677
308
3
747
895
505
202
220
148
893
132
211
791
685
279
865
872
599
523
104
620
15
704
517
619
83
540
860
107
468
138
63
196
358
569
739
374
62
628
8
111
692
184
698
232
286
392
77
663
665
388
675
469
143
930
274
623
124
534
918
281
597
584
596
527
785
311
23
845
699
275
531
833
933
808
929
333
667
103
831
228
180
684
383
160
676
38
827
54
26
223
700
45
839
740
192
76
9
424
538
661
236
448
862
734
405
56
680
660
154
463
269
797
616
53
307
366
69
829
694
410
900
911
844
141
775
650
736
80
737
362
718
425
472
556
489
47
812
615
415
491
555
130
436
672
877
695
314
386
125
837
608
921
126
910
805
587
487
273
906
136
721
231
349
257
283
913
204
293
562
557
745
255
127
618
934
135
31
731
451
137
442
464
116
856
334
214
529
431
751
200
904
874
883
150
146
658
352
237
575
760
518
809
855
912
163
635
101
848
746
857
339
51
709
548
304
246
564
542
332
218
423
832
115
172
653
846
433
453
86
439
350
496
109
729
481
153
57
278
61
17
769
473
816
786
738
724
757
843
68
253
881
702
133
851
559
93
485
331
91
182
338
96
393
177
249
450
241
355
65
330
42
588
889
659
400
417
907
916
942
205
75
449
711
811
771
19
519
849
508
289
299
4
100
939
521
262
370
114
224
730
801
794
188
776
248
761
309
277
764
886
879
181
753
744
520
896
504
295
265
720
302
79
437
668
430
579
313
435
221
589
514
