1429 1429 486754039
475
611
882
1145
1188
228
685
1422
20
29
1084
469
332
829
53
1322
881
1017
1024
758
100
132
621
604
704
496
500
1303
63
1005
898
1340
333
524
107
930
317
502
1104
914
347
83
215
1304
945
140
119
383
147
557
776
33
1379
979
395
794
840
8
805
1411
184
541
133
934
510
902
17
854
216
1309
242
195
619
536
1209
1132
1265
504
1147
1410
623
334
1306
1019
585
108
222
238
892
1153
877
1224
900
286
1429
868
549
565
239
241
1399
608
443
1230
1063
1328
352
1131
767
533
1409
357
1152
1070
844
187
488
627
442
765
1387
1137
729
1346
381
221
461
232
1118
1243
1384
659
1416
996
1372
1178
1290
1262
484
780
452
1102
1359
163
311
1242
71
680
1334
178
1057
1424
432
439
1202
1320
906
777
1160
396
1030
1150
295
1282
167
1043
920
1397
47
824
456
1033
1158
165
812
1018
280
351
1311
1414
521
584
613
158
314
1321
1046
1190
766
899
727
61
1127
1093
737
1343
1366
1157
173
978
961
891
1283
760
2
199
773
337
168
288
185
255
1010
577
984
428
1423
775
1049
1148
1390
865
1055
289
712
1244
1061
938
925
1276
817
1001
893
67
784
567
425
1047
329
855
1050
419
88
870
451
51
91
175
724
787
1295
848
437
125
276
18
236
1169
652
214
1121
263
750
1391
1289
745
120
576
788
806
889
1123
454
556
579
160
249
973
1273
1066
545
828
1163
1417
1109
166
407
204
1130
1296
1074
1206
590
618
269
736
660
748
233
412
967
935
368
853
779
762
1129
364
1237
883
1183
580
57
798
1159
689
406
206
1307
944
36
839
1382
564
528
155
841
1122
1270
656
1105
489
1092
633
1269
1034
292
1323
534
558
438
318
923
129
990
628
135
1124
1261
367
110
186
851
80
664
1239
3
358
693
596
379
1035
468
1425
542
823
12
1220
1418
1042
491
1268
966
1325
1381
82
1426
995
1004
638
921
225
512
857
717
1027
651
1254
157
370
413
1229
993
226
1171
1401
105
1355
1071
1393
927
1133
609
644
472
539
336
458
790
1380
279
876
397
45
701
73
164
1177
161
176
69
1128
752
873
81
1312
1360
25
128
376
1344
728
971
374
594
733
321
832
277
522
929
991
574
698
87
1369
1170
1025
13
686
1363
544
568
150
417
1149
169
340
342
65
1404
495
697
949
1199
85
139
726
802
910
987
1059
1161
711
431
213
498
1428
721
1196
327
375
377
362
907
969
35
1054
101
518
1212
1277
306
1113
392
171
845
123
1341
1110
734
423
516
722
339
631
1172
852
530
908
11
446
646
170
1154
196
1364
177
66
981
1347
290
597
138
237
593
191
1300
31
464
1151
369
862
131
1119
1284
849
603
707
1117
825
22
1021
705
957
1274
218
1038
1032
850
384
7
588
1316
682
302
1068
1060
274
1331
749
550
190
116
278
1287
820
1335
429
815
640
77
343
553
189
836
293
532
821
50
1407
943
192
38
719
1175
1186
98
93
335
1255
1180
803
1356
115
1413
866
1089
1258
448
1305
756
1332
142
1207
248
37
1168
1389
896
759
1264
983
207
1022
1193
1211
1174
1271
856
667
246
410
674
1195
180
637
403
79
1377
508
84
151
1045
282
418
485
952
1281
811
645
179
1350
1051
888
830
586
243
527
148
988
162
1126
59
422
956
27
926
345
1200
1333
861
1403
415
954
1421
287
1234
867
356
1029
6
939
209
998
632
922
887
919
146
598
330
1318
299
1120
1396
447
58
695
1116
796
738
505
1260
989
1351
634
411
1194
997
273
976
430
1238
1011
1378
1227
725
818
1179
964
251
426
635
1288
681
220
262
174
915
382
197
1272
1214
953
21
117
70
507
980
476
1016
753
525
1141
807
270
394
1337
1204
275
253
1101
76
23
297
436
1310
968
946
838
1142
1020
1257
1026
267
212
386
1256
72
260
629
284
348
962
1398
1198
1031
405
465
1203
713
897
703
535
44
322
778
1292
341
1166
572
1226
1352
529
1299
359
325
1062
1065
1395
391
227
60
466
494
1091
940
1028
1086
390
583
959
346
614
948
771
1184
492
1106
223
1000
421
924
826
880
808
1266
1139
928
554
616
1087
350
202
605
97
118
435
942
1191
1173
843
111
655
531
673
1279
974
951
1067
109
4
86
1314
41
1247
338
809
1419
1037
649
720
499
741
229
774
769
1107
378
710
1003
291
474
307
1408
1144
875
75
1405
606
416
39
582
1134
198
831
863
506
610
183
1240
890
1298
55
641
156
95
982
344
781
420
1156
250
313
666
54
795
30
477
1294
127
1375
643
879
94
470
1357
201
1197
257
874
434
404
103
424
1103
1012
200
324
575
182
744
136
1112
1228
349
754
1246
387
1361
373
480
400
847
144
159
433
1076
1210
624
625
1250
1367
1078
467
1354
259
1217
799
1081
715
141
1048
261
1006
450
258
543
272
409
668
172
911
316
600
639
886
440
747
1146
718
224
398
735
5
708
1162
999
78
210
408
427
1275
1235
1219
591
731
1371
1412
1058
331
709
595
642
878
1014
515
626
402
1297
1083
481
670
1073
602
449
479
1205
730
599
208
786
620
46
1253
895
104
312
592
1040
834
800
1136
932
134
581
671
540
1099
308
1267
1374
648
1041
68
937
517
1251
770
1315
366
1293
650
819
662
487
519
1165
523
827
1385
1100
1263
254
203
137
9
64
1406
520
1
746
1259
804
562
1015
486
1125
1072
1241
1365
231
181
716
1339
1353
471
1155
294
1388
1326
607
894
1383
1088
958
188
1182
399
300
578
1373
1222
1098
1285
933
551
1111
414
89
615
1348
1080
1392
793
1362
320
102
846
885
548
683
903
193
1308
566
1319
501
757
211
473
1181
509
234
676
835
24
14
388
1231
782
1140
1225
497
692
569
74
457
1245
96
1053
677
601
702
1221
217
1095
304
706
1345
1192
235
309
918
1064
149
323
354
1213
493
1394
1052
884
792
560
360
755
869
1036
328
672
113
121
732
871
965
563
573
1249
1301
112
789
271
1338
658
482
622
1248
1108
455
462
1082
154
153
1402
941
1278
947
1232
1252
459
612
298
654
699
972
810
552
1187
16
970
1097
90
950
514
1330
663
310
768
1215
28
1302
256
305
669
1208
1313
1368
268
40
742
1115
679
700
460
353
301
483
1008
1077
1013
1427
1002
992
1324
365
587
904
791
936
647
1370
1164
617
555
56
772
538
42
1342
1317
266
49
281
230
963
152
205
859
636
43
264
283
26
1085
905
303
785
32
653
1349
1090
687
490
1039
917
1079
1138
571
694
285
1400
714
678
1189
10
913
665
783
99
145
19
801
478
1286
326
1218
675
661
986
816
503
975
441
764
453
589
1044
1336
761
977
1329
1096
194
1056
912
822
1236
372
1291
1223
763
245
15
1216
401
1233
1415
751
739
909
1007
1280
858
690
860
513
1069
389
385
931
1185
371
296
657
124
1143
444
813
380
130
1358
319
463
901
62
994
864
355
106
561
1009
240
363
1075
546
872
842
34
985
696
1386
960
837
723
955
1167
122
814
526
916
1376
126
511
797
219
688
393
1094
1201
833
1114
92
691
143
114
1176
247
361
570
445
684
265
1135
315
743
1420
52
537
630
1327
1023
244
559
48
547
740
252
