160000493
4050482
30560375
1208434
155261152
55372261
54078402
131337108
112337386
161815300
94870718
168673240
90180374
23661560
72413204
166926712
165645709
24546763
168768437
27858620
25802431
176097241
100412326
143169516
66345447
11751628
12766084
166792508
44525568
38632535
160168173
162844790
76669803
72592057
165228062
104204031
129490103
18722174
112342924
154138473
126755177
40463512
142179415
82173308
126549701
99158873
172446029
164265963
167052350
134699361
53660908
115318988
81271312
3253535
145294329
152618252
94461718
131841675
38354921
9782456
65421221
101319389
139296323
60980997
65653591
43963177
766721
69982413
33197810
91121267
21663472
59092156
37287588
73168436
45281414
26668785
115811863
92850208
159663525
178539355
7299288
95078510
160898053
44503014
139600046
650827
116506860
94406419
67846910
56818093
125312371
106473949
86282955
42561018
49630500
81769849
108282725
137166895
27690369
158432497
170201917
76686894
12706232
95754052
137641906
68379266
125944968
52644451
75505356
4440242
37381390
20961930
60070423
18374743
158780067
27908754
156585945
71327193
83987251
80931809
22855748
30236132
96297846
80513441
163784741
119233903
81300702
175889744
152975365
168957820
60265620
110663225
100773410
71781235
32648692
102404579
93224310
69546541
14441338
49417629
107079846
53252115
76656451
98129815
121138721
83300640
140745992
60640293
138125412
149757868
6936029
169237555
50140956
170868263
7981283
76926046
16850874
58759058
123560726
60110212
107049360
123949824
178024721
179034133
13298996
66937190
60967150
32966635
27853046
95122559
3914540
147603433
11591170
107982975
4862992
94307016
76941985
140289738
166005908
16557140
54321582
133252790
71636343
160703620
10006125
122268638
107902770
151629468
15280927
64207224
110654929
166473612
85500703
45322110
88920348
70554610
148422665
96034947
134313117
28015457
19587523
16967796
7196291
102767405
19956660
155867067
100451998
88315099
84748086
90735670
28384887
144529768
148081737
136716363
91633893
97280471
93266068
48087810
48411407
18631211
20257714
133808469
119165918
148320059
35846376
119392967
84653083
54298565
121285935
138492408
126341437
156670037
137358719
133512473
132837676
71212352
1365370
105845191
60739450
174971606
50998730
121399401
63290558
106368447
3671635
47264252
165337672
167429422
145881786
102069448
109338732
159755437
5261161
53770664
162681727
90090311
169574850
71461169
17334845
139793510
114246153
11499926
140913359
24401217
104713687
43967076
178754048
130194635
3551865
45962245
66649571
151253350
149895959
91260008
79969396
81536221
162502969
155564165
58704078
87776839
3489927
108914009
142257074
103440461
172081145
119867312
58256139
42479604
46462512
148106692
127930698
92379593
132431525
70700492
38331851
120437218
163151597
15160937
122030319
155448837
87242278
55715769
10898197
106193948
104637778
171278571
173754029
149401951
162686517
74419689
112324109
95937868
156226257
75437577
54577479
4626023
131773435
103899024
59826692
76440888
108998688
136779265
114192129
54409850
121201647
71133195
165531390
142456833
69215091
32519771
136237008
134341210
88533176
18857161
43141085
162480602
140253527
82221682
60244773
173880584
94309787
170057274
13918393
54910477
176694728
8754012
107900024
66807938
37808904
97755150
65360342
20574868
89912390
118504526
67654496
79500506
26511730
162059766
55588262
32791677
109446589
119850251
56821285
164199525
17952827
60526879
165033107
7572166
60351951
111730873
137595955
129804753
110896439
111890225
42474052
32636883
135285797
106197616
19666682
49567565
71696997
144154854
33467192
175787340
96377916
164809115
111345669
129980153
155309808
114561697
173050038
121892986
60165759
65161866
171413940
16920553
125117697
5971350
20735046
151179205
116854026
69143949
160996255
51300553
162301422
20514885
92438076
91706147
135801295
53172863
72048449
37976978
150152582
11373735
157817960
140229280
40474659
159614189
144094426
42972245
131296169
88760181
90328097
154293329
83488726
37252268
6672012
89176886
38416266
159263670
61006262
117484072
54896020
171564493
74822717
130359911
75812533
138787623
101855401
97654377
83356666
121514657
4874261
123563091
165793301
113368945
46484251
28493797
22103322
9458009
81004367
167975481
115217190
77035082
159366356
66870301
110425607
172879019
93976410
49707387
14295309
179467978
64873742
88235631
128039557
122371252
145363234
132505611
176615973
5732710
161551486
140992832
34360575
66922235
63014179
161564172
56966407
166810264
146369754
159995809
8413613
120412096
160449865
50390891
81589879
176537834
100401122
22295822
39141384
1596159
33318059
109635458
55094970
10120907
148346228
44462926
132553322
19050441
171429149
37965139
160183579
57611356
87545368
38675276
61571201
58783217
2813820
136691964
7850693
100267308
5765362
40185644
146646146
77450773
54183802
35042976
147553249
94384354
107452270
71809438
145697288
109450074
108569286
53391328
174248560
78804618
123414443
158213056
158367591
117181998
11658214
174585068
63947469
20685139
93116410
91731814
15883060
150902948
7069226
145980382
71663471
155213801
166096556
68508464
159508486
177634504
65143968
79492461
135002229
80944220
139586309
125352704
167956233
89388805
58583431
93419764
106461209
60980847
121920213
57368449
80052555
73246024
68611118
93302288
34826047
104742913
10752852
175889710
122967047
26132696
84096126
102966698
116541938
141526614
79245575
135337397
162699207
120557500
26624338
49971325
170739044
102266864
59296991
15168558
120282718
156176148
161228464
170195486
97563975
88817229
95566840
68118545
166213
146654999
40841181
27149531
46314461
127169658
169998402
9231383
135518011
103487015
49225875
130089107
41425880
137801276
15687039
103791755
117264250
137772843
98985722
86662245
14721581
118962794
179042849
95308318
58847968
126251127
130298110
51746940
108202856
7184726
86235743
99639548
14472238
172569383
1228946
641246
81566952
11367350
13221654
144147833
75863039
42813639
133890320
33302650
131133062
58632642
94868085
139257519
138258002
108407825
117996295
4979117
2004270
29233681
15467024
136785556
88762012
121228507
168442886
67388894
94984291
164206165
53611409
47478086
89695336
147467737
28375371
77017237
115513478
131873169
171340140
26621590
151140138
35340175
172720123
4603450
141202786
64684159
145065426
49302993
138811372
9991485
10828612
76250088
92440969
5278410
260711
127452130
5744467
101325491
93734686
6354383
38673592
148229308
129466804
80937308
99807791
39008551
79419313
37220916
108574742
50613664
112245758
117274673
101352514
77253048
127910178
98312692
58498998
72331415
21767414
70479006
100482025
179510143
145644910
54626255
2193739
136526475
171855254
126281305
35005010
161259416
53805748
151590361
18753053
79342949
140969071
168321032
119083909
149603420
82652159
100900522
68660223
106021242
83426849
73504315
12584478
149106002
156157919
170321577
102756542
90114825
137091835
113269583
60760696
163039016
134517150
93375218
64999213
152733810
165366103
75148966
92919358
70565973
85025249
16319075
168342887
178047857
165951262
53995685
64111791
24183165
52870595
6318425
157115822
153434313
4662834
163700027
61985751
105307961
4125363
126764185
46203997
91151930
138426672
153522102
163471167
115583414
36556015
68007533
119112674
144500274
136827929
166169798
148173521
99453124
83035765
126724582
17061810
136267886
103043807
104410993
11930431
92863650
56465007
174475221
15045188
175573711
176772861
152047261
128917449
133814649
58732773
142912011
84307273
93011543
123440343
158883333
140305489
146636994
33061450
53763738
70211293
12694713
63075219
147789601
129700589
91331408
48347311
49829335
137023696
76956270
20162824
113764065
26442425
133981419
3932800
84738424
159465578
101859490
168088801
156936584
172110781
124091778
113685724
156578336
72685266
172126930
6193340
32824907
92298314
100026271
35347664
97677976
20865130
140311067
105732847
99437057
69772882
16587918
88247838
51538256
29859055
93235890
178033901
56470512
63577433
100956259
127314581
100407558
51768298
147700168
5056363
9578403
116154775
178041930
126650481
317967
114227673
49470664
43748626
167384375
52056542
151778897
55916738
54789250
84761636
152780216
36745685
179501791
150334762
105171945
103628162
110443768
101766912
103748838
96260874
154881259
117827584
73622064
29141160
61106275
26362583
8672057
48592767
91336051
31414821
168729372
160702627
36204038
135270090
124790681
163072005
136321567
76860006
52304516
172384652
89698799
144871691
51731633
104722637
35125861
43853727
114959086
170515962
21098426
76630839
17693239
78232904
159105701
163454267
39543019
75672082
134280778
169047557
29668688
30947062
17416875
63460327
160171749
141709381
142368188
75040667
134855950
97865868
177099700
149168995
117431495
115469664
113232580
74921575
144505189
143227610
8703360
172114082
18168935
57424795
54574604
78266953
38096736
60697292
108117252
11888183
69302914
15414400
52163995
156406311
114151608
162309690
60257474
121900918
100199465
46175337
142576059
36430215
80762090
130659204
177212523
21949768
84403594
71937394
83329666
120915396
32541647
115845319
78085076
84537695
176148965
98792918
128658195
171840890
126303535
108719962
172661981
100463434
174184669
115014837
163997289
7950280
169339380
15013969
141248939
139893069
98314265
78853157
54488065
11103658
114617739
92922195
151009558
3349111
25097723
162859846
168275801
77459668
28694447
44721997
148347049
157543841
129236980
179547727
111291956
113770161
8643353
105013186
9354419
121071796
96833124
97321627
88704324
101178509
57054066
56317517
1870116
100861738
133909307
138732441
60861664
161727565
14828503
158770958
154694868
47607370
144554972
40434961
138141251
103692611
80215034
27396173
25295569
161657575
83104441
41720053
100562502
164846224
34837066
85254143
122302614
2049181
142436314
51596357
67033988
59262706
65470651
2764822
122620495
64521911
45308232
81104042
6232539
172896482
114516339
49281557
133198884
112560761
88005217
71474946
93892523
30352328
166358375
40459749
42060861
32662359
28074591
83355032
156902995
101719919
168546029
69416940
123540993
78722111
100874260
176591783
107848249
135885155
144388811
21035700
161987635
126513239
48436543
115360180
131919400
143693618
23880325
65058695
30668816
100645580
123295933
134730919
18344498
117039939
140107627
43486402
127759676
139534648
81885889
158075179
120785103
78860235
111493642
79196903
17433953
5714115
108910257
161840204
130381873
147592162
4103499
114627011
94472531
89510706
124037307
37778335
163657724
120406402
35130040
161438978
117953839
55796767
113243529
47757547
130736742
139271428
176173271
129843741
8956585
113457127
53072090
29239655
64360568
52976830
123848418
37768863
77942363
160930053
1413276
31730430
141050039
1045606
70462469
147134491
39658892
86995932
164839020
58656304
101097484
166177433
40884283
152830992
41678385
56534899
125407287
93319592
161169493
27429145
100587740
105401239
161938753
81785893
4357211
23731305
141134877
26512576
110818738
75423808
48673052
79051473
87343401
80590022
56899577
150975026
104553925
79306303
138786516
139001002
114528959
48690163
48808157
56801538
150922864
150488778
25748714
102842365
33366314
178393261
123043605
22504717
75301940
109844777
18709433
1017747
111295560
55560181
25202410
20698846
23581618
51676789
37711941
164206103
20634910
45652919
178352346
133276211
42413452
59111764
151187927
62031279
173474579
17667843
22189407
15672955
9070334
87010127
49557168
90129385
17540746
140969217
25200993
139777930
79598789
32572875
173089140
80756547
99396074
146324318
165945196
132613729
54672362
88022585
15330921
78663761
45703519
38501575
17977517
64267332
78828606
146710471
41066374
145920153
74354561
75996892
11992486
133130458
141502629
42105855
67528902
161524510
76246143
55667392
108570156
178129345
41442965
124969370
62156674
44008454
118047630
17027676
18545856
167957846
176907241
134262096
8994193
38064783
17734966
117067661
49974587
458158
39870837
21503256
63717292
168357139
53333449
26906140
50047003
174342923
95434353
88746771
77414191
51685063
64207932
30374530
34802273
116205667
81804325
98072989
89866897
53337220
149102990
158572736
57598266
85016169
85827339
14848400
43074638
122157791
53130630
32404699
88351596
12850398
85151615
55598904
7336645
55059190
98290417
106283127
31410016
150574389
8500142
109819260
174138163
12679636
119401180
88799496
33082781
128787369
127466853
63387126
139971642
27485674
10599381
86615497
8361813
125894234
159269147
173581651
2564380
154649294
41828704
126379279
170473265
132490253
138600747
162890071
45569728
123629570
123386007
148530107
154680049
134694707
99373068
174055619
66761239
26519328
173762984
97737953
97864630
80867183
126773509
116177738
52522087
58230224
102914246
22271348
178279138
86042478
97219937
77869700
77389831
168345429
149426298
69518807
154641110
8112966
30629484
82237416
33608681
16546137
16169763
151459747
147142828
76310568
142277720
4062203
126005059
164134301
71138354
171532014
44811968
61880037
153266569
28901713
154163729
131264147
53563592
117671100
12630870
47288750
103744843
54086950
173640068
148562868
13156216
95920337
25103016
48414993
16298226
79536944
166323862
41833084
174442207
170522754
88167672
127594586
136462378
34786347
151930739
16414672
85926626
167021413
147581905
137857576
155707741
32504269
112288279
70149788
157738648
106222278
76157025
134400042
11647390
158015396
31820556
93704594
163115781
7144126
157583648
110378076
26117397
137093050
91942830
177569537
168062311
112837164
39646635
140895067
23094249
48296832
67755572
147250667
170632277
58897910
79577578
45074136
100764952
143156846
141154263
64082500
176493435
68417951
137838755
160810056
141257218
150697118
26390839
10709436
139318362
32828978
123466508
170337726
73845759
28820965
28713293
133971954
171633866
61430976
34588647
19245873
60236215
177224962
88875686
42559510
62444737
111847709
29212695
27750117
111969098
86157586
99221783
138116064
137802318
122822100
72016229
1315639
81333150
79935307
130214454
172194725
64522141
166813235
150273964
103960494
76278614
155911039
58924019
121401267
5292627
149744572
155158160
170642294
12187231
23065465
12520240
141993321
50590344
112635118
144222767
51825275
7604763
173815255
115085995
103549570
13072502
107685829
14372047
38989307
148630968
122711878
56429472
19755819
30542272
167129159
146145928
12631273
88435646
125505671
164880786
76588344
48350634
26375697
59010631
144402346
70906037
138837066
109958727
20596522
118441113
145256406
146008990
120073920
61417976
175294406
144209989
117375285
25772932
175388903
15995431
29426623
43797378
218893
31401614
140773207
33556647
158481590
156933069
89633887
22359080
38754585
177547871
108944223
15906241
90141691
125520505
100424769
75115233
45455506
51004306
122689027
138646673
119708952
140640902
152026755
47363458
156209176
64673561
145164794
73815738
85882024
11732556
158940273
153570936
90841646
3876019
66825088
33696520
67418360
124290813
93764364
20335807
157879633
174339580
40112783
30281565
119298799
172328423
20380152
32443279
116638543
26163180
173136026
128453518
33357493
92941934
179544732
135100597
78067691
79790092
22929431
112979113
17750581
47659370
127882408
36078
154819054
70809486
30501253
116057149
176552685
6868955
97973628
101669428
125048559
86794659
166451728
31053208
16341994
152357462
29079378
126954879
161327837
103398556
13161784
154257166
110116019
81588794
88566684
95379283
39043699
39403049
57888134
52559375
8915520
48772253
105398759
70451513
81911874
144862600
19454825
40006281
93332169
122915649
58562733
57556384
178529756
80022130
17578284
173672358
133874599
138716645
29474635
28349825
160348314
116413075
135128649
14136106
139741237
46127487
45822384
137865985
74252309
3373637
22747918
144858923
40783580
144149025
65096526
45921411
44450268
20050047
35847413
170838831
97504078
114337132
85143396
114633977
33721381
112767436
56781427
7026090
24676711
41120406
138826015
59455567
157369345
131335130
166017811
50685250
133612926
93842317
126056473
98859346
44729214
18912955
146315953
112240420
138883176
91716695
142647495
133131132
169075490
85956164
30105759
3475221
164141284
81614401
142290778
18464394
158436804
35555127
98132896
53189593
164550998
148186782
109932667
55958107
165081865
159601873
11063847
42556842
9644565
29612313
63067557
26700628
56196611
104008325
100573217
46058489
87615174
29636762
63864637
175081989
161227030
65949203
104626154
31244954
170984544
156848395
49919467
83278370
155947305
152839723
35636022
1943158
131790878
63752749
99221640
154262284
111207099
11013111
103462955
150254045
27076970
6168102
88733809
115305047
158521894
83550231
160246876
155555781
38686955
33052043
47576551
131369778
80016637
168959584
37168048
62416780
150838996
9528987
51421028
86046799
27145334
