1783 1783 179572213
642
1275
1577
339
309
409
690
487
159
1309
1748
967
1355
1665
1335
677
997
167
878
1398
22
139
961
334
592
54
650
843
9
779
822
186
1358
180
1691
1167
1494
372
895
1197
464
581
1140
1192
786
1735
857
994
660
268
1536
442
376
336
1093
983
965
502
1072
1516
21
1303
51
1562
1030
114
81
1269
699
1490
1496
258
500
36
1166
226
1533
199
744
1701
80
261
1346
16
1262
116
207
1609
107
1420
1349
643
736
635
854
1514
1302
1652
538
1528
1448
1678
200
838
1307
1633
727
1670
618
873
1366
1656
1427
917
783
884
988
1191
1218
925
1316
364
1754
1503
659
636
1020
599
712
1341
658
972
1778
823
1736
292
1752
535
1673
103
295
1321
1148
389
1546
1226
1607
1064
669
1259
462
449
1353
501
653
287
1317
1320
184
814
455
65
482
1515
1163
1709
649
1011
739
549
13
696
1540
1240
1329
962
728
933
298
1122
156
1552
187
958
1586
235
25
1692
1261
637
1281
526
571
1220
1443
1161
1060
450
1428
426
1333
1667
1561
680
772
602
399
871
152
1025
685
211
172
1477
134
953
1383
1627
563
101
1763
1468
757
90
542
1363
1545
19
952
684
96
1485
20
862
1237
11
1082
792
1726
1578
1712
968
1711
271
1648
498
1750
1635
597
1217
1453
281
1067
625
784
23
34
1294
1340
903
1426
1446
1435
294
348
313
1083
1611
314
1529
1014
1702
472
1277
1330
840
1077
557
721
818
896
203
719
423
718
1034
982
999
1371
835
722
1429
1781
1150
47
675
691
1393
237
1069
1101
1057
408
1247
1654
861
1049
1160
1066
109
1263
619
847
1594
604
1136
1452
1124
756
1721
1674
946
413
1324
596
1680
188
302
1619
1645
280
1550
1632
775
1206
790
1634
185
586
1229
106
1046
1544
1270
1279
95
75
543
687
572
165
254
37
1576
1599
612
1779
1193
1236
1248
277
796
219
1228
910
1121
73
1417
598
358
507
307
768
67
1568
1032
283
39
923
587
135
293
1196
1099
270
1677
329
1675
530
1152
1707
1606
1056
1216
1653
205
1762
869
1450
130
1109
1406
369
595
523
1671
182
663
613
321
1362
758
1165
1620
1746
1591
1484
255
98
28
197
798
1173
1078
1663
1593
1257
1422
1327
1454
421
1710
1344
1436
1651
1286
1234
922
916
430
1461
1312
410
1659
1473
771
1050
949
215
1394
170
303
133
52
1556
938
1010
343
915
1054
447
1115
230
1587
626
1345
1404
1372
484
710
1296
1475
623
1783
1251
1334
1423
541
579
853
1558
4
468
325
855
765
639
767
1432
1252
308
1306
1628
1664
789
338
1631
229
1238
667
42
1437
82
1088
622
559
901
1415
738
1339
1244
1157
1305
777
1518
1519
1581
1129
233
1107
102
678
431
714
1465
247
1227
367
1156
312
516
209
1683
171
1755
59
567
1388
1724
1038
1513
863
279
931
1686
616
1211
1585
1537
1367
1336
951
92
1571
920
384
388
651
194
275
875
1005
1255
1469
888
1660
780
1215
1178
1202
1613
6
1392
1647
1603
1291
577
1502
276
1041
1395
1322
328
504
242
812
1062
352
1106
340
548
1464
1408
1773
391
930
716
701
606
807
670
1442
1541
149
168
374
1241
1604
1298
1239
231
755
576
900
580
333
813
337
1589
195
424
381
1013
528
819
1532
770
161
1361
1722
682
190
453
894
127
1572
428
1246
589
1051
1031
1535
335
1295
594
177
383
1600
341
617
38
715
1015
491
1549
1526
1681
846
1231
1100
749
1021
353
1470
508
1650
76
1445
630
569
1359
1377
520
850
611
1204
1254
776
799
1350
1225
1175
481
781
881
26
1523
1308
964
797
1360
297
697
1739
1351
474
74
260
1636
640
379
769
1553
60
1567
155
1551
175
473
1727
183
773
427
238
126
519
1214
1132
1
1777
742
147
1538
1354
918
874
1086
1384
956
1143
1638
945
8
311
1085
865
666
414
1104
1742
942
934
210
849
1765
631
1250
437
1708
1288
1342
1314
648
1266
1357
31
290
724
522
1622
1643
1471
943
1730
162
872
759
816
425
848
1495
1147
324
860
947
584
1390
614
672
1493
1772
1753
1512
851
1504
703
830
948
362
686
1043
647
1017
1583
456
398
515
1207
1380
1731
1531
1438
1500
603
315
257
202
1563
1413
1332
1767
762
1145
1119
259
1159
1505
621
1055
251
521
1729
158
1405
355
14
1483
1001
638
1338
609
554
713
1243
1625
89
1276
1223
1741
316
657
366
1655
981
189
1543
489
518
1617
833
992
845
1126
562
1253
153
419
85
1747
72
960
1598
1720
547
1610
1016
282
1301
110
1434
859
439
534
322
735
1075
1569
826
1019
993
1356
804
1176
936
1780
411
323
46
486
163
1264
593
263
94
1024
1319
1135
1410
729
551
104
422
970
1182
35
1369
808
628
991
1168
573
332
1487
27
1713
1337
1290
591
1740
514
517
725
829
582
1497
839
394
1155
879
1091
824
1449
1063
70
654
737
2
1463
1375
741
1759
887
709
224
288
1187
1482
1703
1705
1520
407
45
707
243
349
1379
1271
1111
831
443
512
954
1273
387
317
990
927
513
877
154
1195
646
1472
266
1396
1601
1698
433
239
1044
1745
1555
1210
1690
403
908
395
344
803
438
320
1123
380
497
1095
692
240
160
841
232
1103
1725
112
1414
432
575
1053
1125
1758
470
289
1224
1474
1023
1142
5
285
3
1326
815
870
746
1162
327
745
24
801
1110
1605
479
1440
1378
1534
208
1399
608
351
1299
1272
957
1458
1566
763
1318
1491
361
700
1749
652
664
1139
842
720
1385
1641
683
1293
440
77
1734
782
899
62
852
1521
1006
912
1511
1554
676
356
1776
1588
1221
1700
93
412
122
590
1657
377
1300
1517
578
760
1120
1141
555
688
989
558
726
301
1695
1137
228
1347
273
959
1382
740
128
1000
111
1624
1133
733
375
1770
181
1522
1097
363
1194
973
176
1689
488
921
996
540
1507
834
87
1615
477
1287
1039
607
1737
1268
1164
1376
346
1138
883
966
138
1771
556
1743
117
620
1190
1760
132
1774
633
18
471
1387
674
305
108
1026
1411
1151
1265
898
1012
1401
892
975
695
1402
624
1476
1714
1274
820
793
1596
360
274
560
1284
250
1127
402
1688
787
565
1009
1154
310
115
32
694
1460
1373
318
1003
705
241
544
1649
950
476
1365
1751
306
55
1459
30
140
1499
365
88
1608
627
890
269
246
1580
944
392
1582
1102
1208
644
284
1280
213
1047
400
802
249
373
1096
1412
492
1684
68
1209
1506
1233
1188
157
91
858
493
1530
1524
150
566
891
1421
1074
661
286
785
1172
704
1527
1381
750
1612
1480
1451
17
1525
1419
1565
984
1080
1116
527
1027
131
63
256
29
378
1260
1285
1174
146
529
415
124
585
774
1579
1201
1486
164
1466
1007
1602
44
141
1431
1149
1090
698
730
1668
880
885
601
1418
48
913
225
811
629
58
475
1348
1630
706
1595
928
525
1028
1575
1364
1008
7
436
416
1181
99
264
752
1073
354
262
435
905
1478
272
1621
490
1084
223
405
1679
326
995
1256
499
397
57
1297
459
907
969
1560
1134
902
390
1158
393
689
1775
1479
457
300
553
33
1092
420
702
1368
1352
1184
1128
546
1682
935
1768
118
291
1029
550
1267
668
1694
1467
1574
61
1669
1403
350
1002
761
452
357
998
1232
299
821
1249
429
1144
1539
253
673
1732
985
342
458
1637
1693
600
129
234
656
1508
1185
461
137
1245
50
267
396
1501
1087
1389
1769
844
806
191
1094
533
778
296
1153
454
1509
1282
805
1278
1488
1590
193
634
1618
1311
169
605
1548
41
1304
987
1542
1719
1704
125
1687
1108
201
1489
568
1728
1639
12
179
1061
1222
1068
503
467
734
655
444
976
1672
926
1564
345
1199
1315
671
791
665
136
1171
561
198
1592
911
78
71
451
1626
506
1510
1733
615
1456
1738
919
1407
1640
1409
1331
245
204
1200
236
570
679
119
856
123
1098
368
469
1037
244
1040
401
97
178
1584
359
924
1189
1444
10
448
121
632
832
1004
583
889
524
1685
1761
1629
1071
937
1052
886
864
1756
1323
979
1033
574
662
105
480
1219
1696
552
1230
539
1462
192
144
1089
441
977
227
1441
940
1723
751
478
218
1179
64
1391
914
1112
809
1455
505
974
610
319
532
113
731
1782
485
1644
1623
206
1439
43
1715
1570
1481
304
764
1616
511
417
743
371
1289
1131
1235
1716
1070
330
83
79
100
904
1036
385
1059
496
465
53
897
1676
748
1397
754
1186
151
120
1400
588
932
827
1042
1310
1573
1058
463
1283
978
545
537
1113
800
1198
1430
828
222
1374
49
906
825
86
173
406
1076
15
753
766
1642
221
1205
1045
645
1183
1447
1203
1018
836
711
1146
84
941
1242
56
817
1557
1646
681
693
143
509
868
142
986
1212
1343
331
971
494
1658
1559
1492
466
893
1766
1169
531
1105
909
1081
1292
1718
404
1597
641
1547
1114
708
145
795
794
810
40
929
1258
1666
1717
536
278
876
837
747
564
1022
445
1433
1048
1177
69
723
1180
1117
386
166
1662
370
732
220
1457
1313
174
1130
1764
1425
1614
1661
418
510
1170
866
882
867
717
939
217
1325
1328
1213
382
1498
212
963
1744
483
148
216
248
66
1065
1697
1757
955
1118
434
1706
1699
495
446
1386
214
347
1416
1079
252
265
788
980
1370
1035
1424
460
196
