599658088
276818856
747175209
243406644
88868238
733548827
448343463
395888514
787151704
740212984
3505034
61941942
93062241
594705191
441745781
649565767
221519989
859638025
546689828
384433029
593490246
737546188
392255704
357415727
490041322
524810684
259133597
675410284
318347741
300595536
431230337
600893975
21526925
462997808
34894249
170130995
610425020
66876274
479729196
248614918
577909444
326734420
814391927
800198960
451549606
425160773
784325008
352457007
230600549
743649575
72880725
604921042
96252754
360938590
758482731
186003835
65674441
705115171
255026631
469586940
394494767
70463193
680923790
807172342
372299427
606511273
288752398
61282803
304111913
160823887
256720173
661514712
526449480
509271013
74188946
458185876
308233231
217045072
200796792
131694221
697459776
207537575
672943406
713552563
660050707
263358806
19749140
105303362
623581747
772021230
703370378
685134184
371004187
253469474
116128185
21042649
237140085
669973623
242220818
190416632
747244521
597700906
856858747
315822507
423413106
377848516
181209723
273877868
477296704
771351668
28995555
140803880
778628185
434719981
448497465
232190454
784556985
161820912
597748726
94357387
756649668
129287567
806882612
683130047
134425131
413994307
164221123
429784628
404274517
390040062
816953432
834789731
366696742
772035143
403648193
520306271
19006381
201880520
320859509
527731452
346172962
241917484
359187945
518591815
731132705
567922991
387059757
634473706
294856960
274672
296895777
222136954
690492584
424081083
24851726
822878977
153073955
273750538
134295038
47604653
802598291
511753056
174836013
135538796
543289664
181597837
173526027
190297835
487687035
567274541
357603297
285609023
443835032
729000161
145145300
428740204
532272927
512951748
238820205
558775600
635233183
539339557
286723073
837980099
314318189
507459776
840170254
177923939
389655497
281807663
498696738
270784737
227598407
511119450
124118823
223247279
615803621
376536835
117208725
60639936
798114508
540431735
193393717
742624189
776966420
376580441
543153952
544774925
656382770
106473012
784244836
326316717
16334565
668307701
716720731
840188108
496533625
476281849
569860534
621126196
783630677
625319702
546776331
557171056
774288532
404871309
109746907
383018051
282635587
752257061
524511356
434146072
370737765
171043178
706983316
46847168
292422190
513566346
487087804
245520796
359742043
458340985
77712519
421292823
265899552
467402277
349897114
660052921
39396670
524774420
364061814
202165978
260708235
525617457
704050925
13647682
7881282
717421177
164216289
856673191
213474893
311320689
661572765
661637108
648513123
404519087
192761485
123873002
253250396
746162535
367267647
775428779
340876096
613190473
729816093
448323105
651551871
766818328
132964643
553214731
395275988
397401191
9798556
437163894
352064782
641315778
40747104
252561158
833564851
183294971
765227266
359419791
216579082
279000599
822736008
34424757
20627042
129654319
346937113
47310772
754350803
422746596
526025115
415019361
125842064
800439909
435211015
32851952
566223471
519658990
609608870
386598638
418973996
269160411
401261681
664445982
143827585
284860816
475191051
335196026
77991467
504273291
133161891
418902633
748454589
123872920
296626769
21186396
708193341
506856562
663466070
843121969
602362871
458058114
411968534
691157886
406089527
29355994
637231751
332630522
384918960
144180221
660980469
653238715
237300572
114200037
852279147
416182949
558322562
387580114
568609723
85181222
789622357
212810671
390501855
731456104
69482434
821101416
458074125
169455753
808361948
591296246
799062050
553296080
268199016
160139933
503802443
179222712
195484436
488659099
590608534
855390774
622104451
850388905
524212010
32432478
718534077
746210536
485555207
156992930
343489267
54240701
261315004
213181301
300503684
490045469
493489158
603750643
632343879
553051580
611673143
54988188
408568145
237970311
400430416
513456902
54532522
578229769
357725404
249588609
576508955
149908806
205151512
500151283
255377853
853978268
92161217
570380059
69806181
61803482
384843615
80099279
726884986
825639653
483040250
375448144
432183750
615422623
139549314
289168874
135560070
329105135
251460914
739596601
572754936
686727875
435209696
26872245
616311126
439616241
780305852
148941571
355734973
164439918
691721924
240006688
31610135
635081234
103324311
125474944
765969459
542273246
70650483
220691202
192324997
134975575
678991509
415626396
735610979
390932319
293152926
853784035
788013070
181902378
644739540
118755561
82392809
758497895
122354237
507764578
822967896
768647134
77897643
80244375
499969450
427499587
148547663
278412800
483018052
841238926
526618516
161706125
551094457
52729931
595008804
122820643
837437712
5018097
551750165
741735096
328777566
378261156
179776155
573327646
173811898
472925060
197467429
171235324
499223302
436992545
752786895
724634580
429502108
166498732
264072219
445031843
524514664
805079017
69258508
685078454
37943465
717924938
844481154
587681857
746487892
20240787
683217757
36767633
564339411
271816908
788907294
655696692
436587610
736607040
91751475
92381590
854788436
810954837
527519334
79320320
98568894
514169781
211667922
621357936
630616961
412606892
710162563
507589600
551823570
107644545
549179029
585474900
640651506
362867574
819475174
257459848
463511798
520663501
542907325
44059885
208884950
246108104
575963641
680628212
667887207
842919249
722246145
462132801
219323853
663505276
665713549
740092620
729556377
432618532
617917067
520706904
152221760
284034314
419935093
661451863
320302169
615437527
590609532
191273598
372979459
400066039
774349549
666795459
823731338
694147763
181398014
184985326
626810163
585111407
382289181
573274316
723453495
503380194
817807684
104532206
26184056
628853105
756876890
308569518
696331346
592321662
753250293
725789330
22508136
391856173
644809386
510539020
376812144
522456676
73763281
379567439
553065203
522190110
821338136
383896150
154667444
163164095
711200100
821854959
369965840
4754284
313863433
590944976
684038880
279079955
569475133
524444137
434904062
234138261
632115643
299079859
88446394
560515392
266223039
781403520
631027868
578054154
664134183
42098756
670421638
723937573
667563282
480641385
339818914
152773019
83625772
388951048
395529784
664361998
817005280
267431891
299310706
238690812
749368364
46658485
14128120
155356499
415132169
494812129
414218202
650363687
160386389
12099551
29650589
601581747
134219713
854100615
17538117
737309272
451626533
802385904
473946587
603713559
441542871
775910390
774913615
681314897
155657107
166948309
592606291
845418545
356394399
214263860
770078602
269188150
456084039
824515474
112787899
618666059
853562804
322699805
195037512
593465039
644950139
36116385
382403995
199092418
723336025
381880979
310290832
804486893
206016736
187575234
580962858
778691718
833009544
344312883
830029214
217896560
639987208
746814268
277293051
415345934
204629453
662256931
583790420
457891600
761425432
615402478
570063993
839578496
13179937
670236210
274810379
767534367
812026063
744810002
631591328
205652483
539766179
373010317
471644180
610138261
580654444
120956459
516369031
283026162
367666031
767923989
379185297
856476078
319837236
419718531
253230991
458040334
652845142
770488707
273897837
475363073
372551691
56764808
727737984
806165374
120329743
390496997
275695070
452562016
343022283
526903800
562113695
833403146
617552703
479802500
352121594
347464164
855718133
197481902
142475355
367278925
677456867
113216519
293014949
544663990
148804764
659997133
119884544
198426514
553929442
24342291
315582581
616541356
661475783
697774522
212936448
820410335
465238113
355702881
843328746
764606528
359263530
1579158
821338802
61950571
668333864
447292191
860553885
525732941
587668775
528056374
90559485
289844568
849090202
408843751
293638063
457298069
130407969
42065463
41611921
451254031
84128126
351836809
504966802
479784698
559926556
238125878
10193542
88349263
176717154
391317224
821281921
779173791
232143839
783787670
551173955
483658743
852234170
747426141
565939015
732810945
206135824
414517715
642679454
316001372
87921485
689499094
649430736
435976646
782073744
339455192
425551191
705648131
191281012
296837316
285380986
310482242
709138603
494706500
308836423
402924822
581276343
675327325
51801133
685837926
815990488
593742099
197286579
42424844
110208811
634258278
480189089
641775183
651542698
57088379
133924251
311933647
516328558
295111649
280706028
327625600
572202676
140867011
371491939
524064853
543242758
603636226
97000198
190218070
4692187
103465566
220015281
607535094
567066959
786746000
732175155
236701587
39449795
33297761
370218025
189956918
731886102
539982933
169509600
213898806
463591663
378901176
2077686
746061093
20685644
629222991
338504170
842186648
710539816
473871134
766585673
658860801
208847175
117659992
71675556
798916567
602133428
67940986
244841808
453289886
290815347
10554053
30761528
16899019
474717122
449118313
799253592
358287651
491209413
344193665
150608269
737579713
754779412
226364428
321382144
460543235
479506140
402956308
16378764
33928815
202902209
52339879
407303143
714626432
505766383
634731640
386067182
238143157
680468051
650058772
219898145
336878188
409050449
105318453
591243960
477399446
245334552
127659764
174054693
242971649
528000606
477304292
312257432
776477941
67159647
670342436
682602083
826666460
151406668
731166200
156493137
736991330
223028308
257161401
413251474
150945093
418001366
360456434
47477455
567755758
821419259
787179922
283275222
693751892
538034942
200018398
64006070
185022107
450928934
363067099
64849947
656965344
152582402
277070796
846214898
484194537
796556955
39900332
193456297
460550619
673200144
665176747
318559384
839864569
826038604
306320037
195947056
696041739
10846872
55575960
453992799
326071168
128524744
368023214
44781578
729357486
62228766
1825775
105633074
157194257
575284317
487512867
60072259
387651747
563934163
113507622
650743789
297865622
714222379
250704950
580621762
362493679
243100711
796559470
799279153
109790419
616120443
644393769
538947958
761141854
627566393
697754455
779728035
662967053
292072862
76004989
299643455
859469567
68076408
2778305
254348072
101273829
48245979
493196507
120201144
114070909
554031498
70891999
622599766
228259266
417281933
593653771
214133004
549601059
680484782
362460697
712133477
83128449
607435153
748451943
801569165
824462518
14384380
110058850
795541174
373942047
586850372
705694170
231682552
512321974
410738247
764261749
272433542
113915915
615463810
418524847
480490082
631393786
851883120
453548931
683782110
835556692
400530806
367690808
321631375
88276070
461803904
309148218
335914572
779104576
457911912
13844
309580549
383738301
575503194
610789178
757491088
141142130
383244031
318874054
317280110
780405293
424068593
512746089
441600299
92697152
150299490
466640069
377471290
820540356
336869677
530045759
797763762
711916097
523062218
545922856
266370872
741619824
672926493
243920973
4870348
546894571
765291519
401086437
147569866
239274019
429263976
285788013
32579793
727833185
202317250
554254963
374089395
326593015
772628492
248339737
651883466
66274011
34603251
586331418
482935298
7942839
400562402
769985585
829886797
85777989
212743615
712144099
712949036
542212590
92489981
715937628
767243386
359631695
70294525
97487607
720547741
853544183
195798621
347223826
796994706
295591145
767348465
646926811
842928312
484929970
19879356
751888325
73222897
47373310
632707560
718040043
51233710
46230841
97835724
18229136
104202802
173654497
797290900
464179584
717702377
2429912
91588986
325109119
433669763
368970043
124433403
172067553
559743651
249027805
234342258
730472276
723462348
548635499
442455865
711658317
275934769
370339635
54535702
449167912
338591192
727798199
271177952
615095624
219884370
326204800
761222383
698778215
825417877
18197337
677834061
427406233
286471368
579906587
568127538
212962717
28865356
834778464
318215677
813024749
738482115
722746909
554834560
311967154
696179726
191849274
832946790
308083386
144283567
66384673
536352012
529912857
308142212
499763779
118588974
758916749
629657904
823314637
258094090
74978116
416656862
762738099
49657183
785369022
151067458
820637983
371347683
525615330
492939472
859771482
43511940
707760439
844989509
769275678
406777619
396669039
517893681
286371068
111852243
673612210
508244798
680332077
34778844
180263220
79252657
424478428
394608361
190043535
179716566
28746591
239016725
166799651
221658297
758540880
244284149
474356558
565351150
13757156
603833272
221954964
134838613
388824589
511303449
794133318
77567854
818087602
514533125
689962558
573058739
438601869
746426805
308814116
667911134
147742540
169375002
250272985
706643911
103864199
178705029
822800679
135076347
654784201
269524971
730733709
157661044
778909613
41720873
681586251
67187803
545235747
261337100
20862158
271747151
503302522
462743983
775552607
514099991
577341336
751495089
621017715
559588830
641295359
344055321
814905061
152932652
474699028
600708868
99091783
216563283
363523653
176728637
603863826
333481049
24014228
733790517
332097980
571644038
337383469
407170562
797538652
217302620
500943431
215702081
6924890
260998043
473295342
506308174
206122590
430824445
186641293
590819781
493675484
277035253
408595834
438460959
19870996
511545476
392426960
335089209
236096278
306130627
798446733
197406160
505199356
383426792
402407057
6433513
310833796
132570002
589871209
760426193
216738061
474802526
477908809
269106140
13882525
830355589
732048823
538571718
406390352
629742802
425884982
249838038
399403198
262556576
747184773
210114012
127303267
426772645
502995508
681135443
520752710
94512676
75035992
240328405
829508852
79465079
178744943
813234432
143293097
754663214
110099558
720649929
187155160
806226940
3506614
616120287
141134463
164389777
658044360
79296498
106481320
110562180
102040181
138198787
589744956
157318285
817654905
268677480
587392499
759519883
107655344
343322566
55692664
253016174
66691080
509558288
48443930
398045174
530780756
832714158
91584571
335010755
180884680
105271442
680212027
677377769
799544783
59698504
122531048
8437481
801389588
112541185
610891845
98076508
653491327
639856508
31279496
33129790
513227588
686715750
711703055
249036288
13765245
349513694
212269527
832885431
566669931
48681819
224452101
401477773
423705692
263003358
622648954
153283110
512587614
570921627
194144991
608101595
420298148
442346297
222267723
782302009
751095156
340839342
646274280
270272388
811386843
512011288
835482529
583567698
527623353
727707726
409108862
381237230
128213127
57205286
351054718
398367349
657474044
360081743
579913562
791324318
176889827
454813289
711432495
29335370
5098063
809345968
526622872
477303301
487849797
212640546
138284277
558034723
567555571
182535710
147304997
209050569
783799973
852247835
444083703
751209824
715488216
604801218
739439465
118749628
684327274
794658812
772621053
336977837
639014394
358636635
750323909
214611707
655156179
292425615
431141941
773890923
625934786
552523546
634681024
514107004
854928865
429135703
621876637
829439759
180642020
392180117
227132543
157387392
552289701
563344552
187105811
177743009
211504317
258675613
427225465
736535114
33129920
273173619
858457348
709577814
94890159
363701454
129819409
788266546
519670138
840409378
771235223
777748752
321225838
205928741
218774077
415084821
669234980
81800745
321364469
121850236
774852141
249655972
709717116
131784358
726370931
261947053
722050056
628496652
767942048
529128590
121008017
817016502
55697631
196400811
445402939
257334020
121505192
490500691
748053597
847782082
794786376
488584876
519175477
832965772
198194858
783342830
661296905
844680640
28489703
812770803
540164343
748756591
8490010
326735121
581499894
660776145
773035395
170457459
609771725
43450732
624918586
829323232
339605026
192976669
735470062
420783572
318317294
773630321
222508470
175756840
448675144
590955491
607714449
629730623
32950117
406882593
774020022
582447919
606696213
210314361
445635820
251473032
299999922
801466938
105714263
305752078
860374185
296084239
329343078
627738409
842025548
198773952
394320417
578212890
357415975
337418593
704953444
319301292
419391881
509597386
388040960
549591605
643386345
430668971
706537336
296832014
502463704
284459034
650390530
316298416
354980739
511788164
255889368
144722109
241774850
581497080
20203740
140614563
716301954
172982126
58201286
510984210
292764026
769065662
672666289
39031190
209454749
282798373
66964468
724837948
566542797
218546549
613718991
538806420
669931115
69043113
295783219
356151506
431990799
540637579
62966782
191619935
810984991
462618854
568842172
141894547
488518458
666210037
510050581
218460111
460256620
571696923
142463508
459983305
554962019
634108521
483768995
607198581
414758751
669431395
836059927
765255501
859512061
471595529
239704481
556705617
9488576
691350545
282143014
530069215
721131303
339933579
192936839
622896123
418563240
613772402
6769738
743172691
400544098
283921020
205957007
598819729
614732028
285182314
769623961
120475126
655312287
308974735
277379628
750334550
168546484
428245082
418280177
543724172
568245650
313247004
333688461
2489908
511362337
782994267
497888071
117910108
568409089
741054714
119424781
816249700
324306076
118131489
836373538
810332033
293919091
227041617
285586630
124583858
419869435
723046288
210332935
189373683
189226572
750557945
414039728
94813666
561679037
538088683
294391192
323893635
689371614
658118891
73299857
623870628
516947563
35271209
506423098
97824723
567415576
299378798
448764908
467381579
656808349
642993537
859836073
13363827
403420457
257631760
657228462
80550323
192313819
197187854
548411800
370528490
85512033
398781483
198281522
67704276
402520536
353085425
64210143
767237293
208295793
392979027
53973125
429521636
809321861
472903600
750656617
260271789
43409056
13744820
185975707
381493675
17198613
645082372
855898887
623705687
774277892
706315366
93813705
117812109
6433696
4149006
415551023
720374089
450027595
610900376
123697987
29824687
382787194
380821970
572412608
341721607
711065242
829805265
829642848
378624775
512793377
491180501
776656230
831363635
555221624
347560743
825657429
196831695
239929050
656278342
606109453
603940141
465875109
748396575
304068755
476298844
62204680
435065732
603233009
785494673
555410860
849204349
32517987
758182028
203788045
59994949
397747375
835471644
844515856
227241989
61044719
218674274
180499713
234960275
139892751
578735243
200844921
259296475
45540451
427306393
402561810
473888037
686113831
570480936
15289540
741857308
385969433
318581978
106405507
491078129
273075878
491266321
419265520
255242701
317556399
465521274
692494275
661083046
406853599
7031247
51394516
238706145
4847957
617082980
98303057
496542312
595663219
406001322
150956912
473584383
857233249
437303295
353721468
272455851
150373176
367446474
486386447
377142297
378213356
1459756
406171098
835076008
3308640
234066205
239689662
642925225
168107165
555312064
153964310
488554755
640928482
607256056
344492908
774428356
529686889
433650389
220139807
303154789
596148326
202045798
483475632
32447502
677848149
780116790
434902363
394801913
507045936
386684228
138112366
102723280
178167539
339874066
388302086
317923309
753868735
102212942
501373245
707002286
213786600
465049302
87075824
215214192
726774156
357954264
271375368
569148063
486054236
498127030
762684335
433474605
267294970
108198527
444960841
258652540
40312872
842910383
302655834
55318147
315447387
16988275
198751678
584782377
79080810
565370253
302723888
794414074
4173353
416605293
758991096
609629332
754812831
835762364
591708297
703606958
44814992
582453508
699140008
665785423
337723625
368378123
741366508
769578078
216453561
318538083
830110521
58574205
403773480
624550339
637585993
