1267 1267 748256874
953
268
802
80
281
532
385
498
622
189
799
110
207
173
841
592
772
951
597
537
238
122
882
717
526
372
89
979
839
658
1034
482
1021
1197
562
987
332
822
125
1006
978
1152
78
292
478
1136
957
416
691
983
467
548
105
159
904
1059
1065
1172
1184
214
1060
427
104
958
919
520
1090
1098
1081
1181
361
836
941
1211
135
350
1219
365
1123
895
641
208
407
1088
296
766
342
988
908
366
284
1024
339
431
829
853
258
470
63
1231
930
929
1156
507
1100
113
797
1166
1229
1033
1253
442
1045
583
793
804
1039
699
368
578
61
1118
261
403
647
378
197
1037
459
68
481
649
369
1091
1190
847
795
251
1131
58
129
1038
1266
1168
585
102
735
933
383
923
298
449
474
244
51
840
521
316
702
897
1072
527
1008
486
26
1193
1263
221
975
599
725
356
516
1213
778
472
789
1223
192
1248
149
417
20
936
651
1085
974
150
1048
410
726
788
1207
962
1177
672
453
771
1225
773
41
1102
582
682
648
561
1132
1016
1003
1128
950
455
88
761
286
1230
800
111
892
945
609
536
357
224
777
45
780
855
810
1196
1243
1076
1027
1162
782
552
322
539
344
973
850
784
878
576
744
1109
358
569
396
1259
898
23
213
652
484
946
924
577
336
405
139
191
62
630
256
1138
510
434
663
842
1042
181
518
1264
90
1204
1236
525
1238
121
103
301
247
791
381
943
57
514
255
141
1202
1078
1226
305
14
1047
1160
167
1267
1221
430
490
155
464
194
813
969
1067
1234
540
419
477
692
805
272
7
764
555
116
451
380
659
541
289
1143
461
1096
606
753
458
237
899
529
1141
79
875
1041
27
912
216
723
1080
409
751
781
1112
270
1052
1249
886
600
808
146
200
984
196
156
120
1079
1054
171
1044
934
74
868
1071
1176
1146
269
573
621
1075
176
602
502
1015
1050
642
605
33
664
367
317
1124
643
827
311
909
87
81
549
123
852
634
759
1194
206
926
1
575
821
603
967
351
1116
570
346
445
274
35
925
1119
240
320
590
901
1144
977
504
1252
131
512
731
917
299
1145
530
721
42
370
426
126
1000
172
823
91
418
928
148
625
500
175
956
1246
154
949
646
535
355
290
921
262
678
961
242
501
1232
40
29
1247
494
560
743
757
907
315
469
246
1083
43
1239
424
82
4
179
824
186
340
679
1005
228
257
843
1159
857
1097
313
3
1220
53
826
981
480
558
93
321
397
1241
375
97
447
637
620
393
1216
741
864
438
1137
608
963
304
36
629
809
47
18
730
673
832
906
440
1237
334
38
509
1022
1188
645
910
869
697
232
986
360
212
456
276
715
686
838
1224
1170
297
76
235
1020
50
689
893
309
858
920
491
684
280
638
96
34
756
475
666
335
398
633
1106
650
11
349
183
888
1130
118
151
147
711
677
655
52
976
538
492
460
803
94
550
913
994
883
1007
326
457
499
37
1066
446
106
696
517
1099
414
792
972
395
553
1158
30
513
1233
483
234
639
685
423
184
556
282
471
70
631
376
136
947
388
67
1082
1092
818
1089
1174
386
448
371
769
138
900
750
462
845
1186
644
1062
587
714
1036
801
1113
1142
1201
734
259
10
889
564
198
816
164
1103
338
817
117
1192
443
1069
1073
1055
188
75
55
185
402
109
1011
1111
755
567
833
495
463
763
25
523
1212
873
253
719
939
271
1178
615
324
429
543
84
1086
871
720
468
542
348
362
1068
733
1084
903
796
278
425
1206
1205
432
473
392
1167
328
229
263
1209
1012
1261
65
15
411
275
671
165
1203
353
56
1087
728
835
1157
436
991
310
681
306
768
522
916
676
211
307
732
489
32
287
300
1215
1049
688
610
19
1110
980
1251
333
466
815
31
285
959
201
1165
992
1171
450
849
1257
742
341
1108
1140
220
158
877
856
995
420
345
140
1175
1122
391
99
1218
665
718
712
1260
693
563
531
22
379
329
323
6
828
13
1104
374
1107
982
557
1095
830
330
1163
1198
891
452
178
1031
559
656
162
1094
776
225
39
199
230
814
435
288
640
444
479
690
439
1061
9
1019
133
593
1105
998
60
612
942
874
694
1149
1148
1043
203
997
902
1025
695
1058
632
989
887
204
627
1228
860
675
885
293
880
152
1133
1135
704
1155
1063
1134
1018
624
59
166
363
794
985
210
193
825
611
687
377
579
586
233
73
1030
879
938
260
736
846
964
100
352
937
1161
71
101
1179
236
738
935
21
588
571
737
533
46
308
412
1210
279
160
401
760
848
24
662
915
1187
421
86
231
217
554
746
209
400
441
1013
437
508
130
749
124
635
722
95
1129
867
607
1214
64
546
145
227
1235
364
422
668
283
487
661
851
382
12
347
1153
132
252
17
1254
1200
528
705
142
572
1195
202
1010
618
327
1029
319
996
265
1117
589
783
767
952
1164
710
790
896
48
932
551
1064
496
922
1180
1242
752
1017
1074
574
617
219
1077
667
1056
568
1139
1057
144
1125
1046
584
727
406
669
1256
683
654
83
168
954
787
107
604
844
785
190
413
595
1217
28
545
254
239
598
990
812
940
119
128
303
488
325
596
519
770
918
428
295
511
1101
786
248
226
861
616
859
205
594
5
1001
601
127
1026
1115
971
966
266
713
798
745
408
497
965
748
775
674
515
866
485
1053
779
999
729
318
161
670
222
243
698
927
854
359
914
1189
657
143
241
709
1255
724
54
66
628
1169
249
740
1093
623
911
187
534
180
302
948
739
905
754
294
716
1147
223
1035
894
1185
1014
700
884
108
701
881
153
1265
1009
870
765
264
1040
1262
174
337
544
1002
811
834
44
1070
524
968
245
758
591
163
1121
626
72
960
1004
707
1258
277
1227
1051
390
177
837
863
1183
195
465
614
580
77
92
931
762
1208
69
636
291
653
820
433
267
703
1150
890
218
1120
454
680
1191
112
1032
506
8
774
98
1250
1114
250
2
944
1244
404
1023
831
114
566
747
182
1240
312
547
115
503
1182
387
660
806
505
134
1173
862
170
85
137
49
807
1154
993
389
819
1126
384
157
619
1245
970
215
394
955
16
399
1127
343
273
331
169
415
706
1222
565
613
1151
1028
493
872
373
876
1199
314
708
354
476
581
865
