49830452
610029056
748335336
869856568
955460464
475190814
536083422
436106062
239686580
154918624
924975324
155916712
171695412
795420794
734903134
632200954
281287930
422876048
903473984
260479562
606843776
18703146
812714672
833527884
744813636
357062160
48604640
305301668
807868628
372160922
29885996
849482130
650609820
407483944
602931294
392018760
758276290
965324626
95459840
246396486
610458030
931683956
503532302
586356960
847366520
793478770
818822228
364569492
55448862
933032632
744815316
266619626
116616276
243857754
28919268
354327218
765070670
29218056
43927716
574327656
797031900
216155576
717054730
158173862
222838476
140594272
892341282
683524436
632860746
233151212
204185772
392755342
682414180
810002522
537436942
323090334
239083012
628352466
671160756
498052016
768503876
96133464
403594464
353513594
669980178
868147560
236643344
343924486
119682220
304870244
448422114
183167726
647197320
259072436
135137072
533703562
817180504
475862814
152437096
856377774
525958594
322380212
845529972
513051322
274481452
198977002
421282610
624692278
251096286
740778472
545211184
44747598
134184680
297943310
84870394
707203420
198142056
443087540
79224922
331041354
836667538
76520444
77159950
653733542
437622220
239063482
785377012
681896642
37045624
152939724
120741600
463274336
382299064
525386638
705963272
563779048
239268442
690245906
103506312
427336826
746826710
152308114
898506518
613422712
424167450
730285444
306396734
731009558
935861780
728498344
1987146
679274652
944689676
690432512
775474672
258291544
205380014
965942152
953261400
918995518
111640326
512627654
320217114
806619268
960839264
770848484
89623170
669393704
892768730
722432550
734263404
694448314
544603192
498022672
885821482
269989468
222762316
761882184
600281066
90338458
570742620
51450168
669559100
395305302
834642130
372494500
351052996
934759980
280166768
214763486
903907578
55063372
105162946
668256792
394188088
417924696
667198700
730666552
232146236
209174910
342325508
768347328
398743184
466344690
400585864
911365084
296318442
200194708
528932544
708841210
411294548
808503192
649692330
417183942
201964084
276252550
707407624
259457324
55639612
180032692
759019786
328841114
325405780
183190616
205766568
204293404
846607342
60313330
880683188
547317778
654629108
767147192
240231082
732193952
195084932
607071598
83922258
111438124
610618988
552936958
334328862
926919994
246413272
365170918
7361116
605956498
615604010
15237628
726072592
327871978
98473676
886559688
524085758
81937352
843859646
711037558
191633862
491972432
704450488
120041222
732858294
126432558
313537406
806513960
482154834
749276346
942440968
854620494
63769566
699965686
633518200
351269786
786835574
310389478
267554434
705905816
513380098
599513502
633387146
259609280
146536880
544145028
315921340
262591686
11892692
3169950
728630462
129142006
320115908
716960986
173604998
499936038
947093028
837171944
377612172
346156398
380997540
184514638
760337648
610123612
162228766
267824480
921290650
33261116
705661124
115211236
888154624
930101186
120583778
433413204
555769802
648257680
63382382
131891004
289540146
643933178
267411396
558391764
631909040
736978214
103065718
604748858
432137496
75328750
458437798
659508206
709327276
555075220
157912412
4365522
813106938
663263720
626633126
315787640
646580690
245183176
870083760
177715440
165505858
585663512
659894312
706803538
691469016
203882084
32439862
500311700
90397384
313673388
917672952
526675562
41143718
119415702
868730254
803425812
500589390
873426666
217917014
217500500
293747944
338481738
929509882
736816626
616570038
787665452
383538036
515518262
117523868
365617714
577178378
679216720
242649036
616375592
810480748
137851714
763888832
623729890
493085026
697529154
756567560
601468630
585661552
906643318
41675900
197511804
966415982
928643408
320965302
17651312
87312904
608296486
79916816
251527514
206502618
594594434
232129282
404141374
854794178
949313204
474526318
357826798
900581234
149325064
251325424
115749032
570468346
250219564
367193750
824513172
590802954
500506818
771651944
200210080
459089036
400318380
520221842
685300952
49495334
464980096
828309076
37317014
689428040
621213726
429691416
834840496
793633764
740009886
716565388
48297032
176971648
647270568
955349808
727699630
181776924
351551158
35160678
625693194
50164716
736585332
787677688
588889630
631341578
322958188
65377326
968343824
905337314
108728480
573641124
383221524
492051560
910651280
938443814
246839922
492684276
525611590
351916530
251061034
546208320
163248092
332627904
820200906
561074528
301797384
380878498
146377070
255470572
211577674
413471548
576697338
195218968
451416196
642657036
207369232
874464318
81935602
186449060
140021868
569838808
80173856
864137414
351924846
321961766
881711992
819782460
921369946
770353738
184843078
605435656
608073522
560187404
791559328
205684164
743363740
336530152
32283944
208427380
467873854
212467206
139544874
631947946
594446790
755615154
366199708
485613828
104052564
777872340
639230312
835339218
444768422
320948936
759203270
815681300
65828070
421074752
368077948
634974410
459868220
450459366
341581954
486781414
321166412
109881730
937152720
660676702
359776662
261474626
652439326
194700268
492980376
544893972
893527740
597777880
354773972
613477844
656232010
51008426
146069896
768720260
732010972
632224320
806449616
403409188
800474668
692176506
581486416
906028942
920142104
609163520
898008720
631043266
968391088
374026604
658522508
419546022
107797928
466869634
80097542
215776904
167227816
625492616
259660380
493628478
555065224
301359646
212228114
37678970
358994020
132890268
556585540
627015830
723628066
194779704
276281222
364448098
698506368
233116450
486450958
598266242
285265036
652912288
511717724
76340110
908866322
177644740
421374170
252961072
383531722
643903694
19920362
468740860
626361736
682648680
8309476
245996058
199679676
327899460
492450910
368867772
738100244
274167138
215465586
370204940
745369086
56936600
252182952
278756044
916955774
904132404
884767268
894145336
835578884
671377000
476669382
198772252
29991430
925867194
494411120
328082762
834927170
316137416
118640830
150527188
114781016
795612846
162113140
395898090
888332354
110333314
243877200
373183356
665928634
553667170
280638344
621546968
428160444
819496020
895152202
882094122
250183332
909342434
462266112
53492978
101031154
876795150
590316664
782767958
142583434
917084896
347365242
826142198
672283626
15093470
407412502
77427182
58663864
746000976
430221666
634598412
154622132
517011572
706468868
715960686
422101246
837014822
413628600
431135852
303229640
827423534
653314396
809314296
201078626
331973166
360277260
159874960
110829194
385581196
818421954
239850184
136661378
472409882
782936322
443928618
251289374
196786856
605911908
307719440
406438606
522589368
219625924
121897482
500696210
462716982
104552000
404817238
835135910
350421918
86966754
310525740
419694422
922274416
320377904
319743550
966108752
699166678
932073232
895110076
154203420
822186946
435455832
376078010
160651582
597751224
767001046
664104252
277373712
933638986
8812664
82163494
91950460
463731744
372433082
139442688
927306338
918771616
756080766
90156878
799407588
63044016
394703624
195224050
55729310
564136552
863489256
141181432
69200754
772969624
497084882
21286188
180620510
558015248
918236508
213568068
692054258
807369318
130829874
708691298
166815404
694404844
660539950
442715308
241745420
447346074
371304024
539099246
627614246
738827936
589470182
8635144
179038020
931698068
146628062
259798714
4026050
775597508
488627594
257910422
663937680
934526446
182171892
52989048
795898012
471914100
21748034
224118314
348986988
669414592
161736778
590156378
585445644
653633134
880669090
644482426
834566740
610186640
189817222
347940684
253033886
113025906
148394834
118270922
817745096
791353752
681762452
219271052
319558372
693529424
105408604
490964124
165919264
656942230
102153240
12440792
196551334
910689178
644692076
509339040
944751864
693601174
441943530
477405152
686302344
126478016
69685294
38843728
53114936
159040392
556169922
667271542
4623766
490355586
531079752
174348300
499013676
315239694
504513030
409918502
50753360
111108970
65021712
181192970
555430806
190647730
481495602
654556896
116605034
493301928
955335794
688705626
164367154
289273124
300782314
898223256
509768672
650930602
229478704
795890298
526395478
697157482
448549500
703751706
915402530
815885070
289451120
929875702
86101568
303371824
49169246
83478794
246957900
558463024
300849388
827913240
70634704
701900360
611963478
213309026
517207572
954036958
381033548
797733832
150076500
290791228
356855744
349138104
299632690
720636168
453880476
831991412
686740656
524721022
905134874
112615748
892005254
624459808
27092226
666029644
931426370
840912842
754185292
188109432
697115692
551434422
304654
295238160
933892484
323881768
340194750
137198362
184278066
262438106
149644348
940633484
381046064
861741034
366035446
171493826
319830294
196417592
293326922
709187346
132947878
491949906
449822394
76868400
254691612
563037692
180744298
100535946
139020994
218017044
30502542
755891486
693745290
198986480
879488064
908922280
267591982
356171886
791173096
510040090
657126932
439154828
261600024
661575964
322506926
378039914
509598138
195048966
874752956
230620180
769916784
412547380
334702186
555608746
709563134
612018316
917354046
189429842
374736544
10187408
541510130
109608478
726113472
246022686
482191136
449066044
477938916
314804518
466951324
79977422
111393996
596699334
741799926
221680648
604376304
417083604
510568436
676268306
247014306
91948990
150707914
299758060
420651966
192631656
595526610
329460726
235960480
441216832
593773110
513999570
702108246
58842994
771346506
741602218
709844114
161982520
259356762
730543394
839726608
851450670
875669018
456555190
170956072
766586730
559373360
253817186
730845108
370464934
278470514
791969920
846521690
28542052
881983844
330405362
479368148
359478294
177108722
738794056
937733804
751692074
727988198
288355438
346931102
559616428
210611884
518027622
662568592
84195958
435811138
950038558
321403488
678012020
436989350
787663002
122842944
310689400
295052632
598504606
61921622
671953674
269205230
532038738
92653862
236559890
849748956
236614490
575630062
98061936
275580634
658616532
351527134
313277832
290359762
138351640
729856302
650821528
896171136
678235642
944757520
928049696
467501664
813021818
693681142
760801944
54733490
748697446
78871044
237043044
32199846
297551226
888823502
377589226
74239452
673433992
388978002
344468404
640983098
413978166
298325860
534944116
968697128
493516310
335803048
917250362
228897900
792162644
29061228
811892270
362550930
56399784
513717666
339679340
113444590
488006540
19686100
846804532
110983096
600124322
542492006
397995038
417840164
933121308
716054332
311019296
894438244
151269734
690582508
420496804
897559614
375352026
733922308
233991366
77404334
350391440
312470452
131466244
680878716
375978050
724521546
253868594
611329642
709447550
236464424
42823382
677795272
582494248
507067050
262756942
22667358
806403724
54795818
