159286806
244660192
295879808
249948986
264858538
193387320
237473852
336207760
236680724
224956872
326592756
82420758
354366376
78976422
346606246
386826594
167775230
171234728
137509582
232461992
83790602
259167062
380216396
152648846
367782002
125814290
395423056
115279248
107360134
230536992
436930368
380228492
379542100
100567572
215251400
53549384
339285898
49760172
116620630
275017484
357319564
368568298
17033828
345112292
176650978
327276348
322641102
161652134
283397436
58334626
205223494
49280182
90887944
374660706
229157194
336848582
266786212
98160132
35805224
449845858
17662764
121581642
215831182
24109246
356640788
39543448
321479704
6019510
311985422
356833036
98736582
291331054
338418710
341867666
306038908
67726358
417522952
104160672
333657254
284767336
377231694
417942938
108710770
256659396
432163606
397873238
178851414
390791366
214104492
278100466
26506242
177961000
130404722
348075210
302525860
39106928
141030022
194843992
6642356
345305548
106706698
240949520
371202734
411901938
42480452
91254940
250155388
53251100
422945502
205028306
246832068
13091302
340580870
367021060
343929768
347761540
364184268
424810904
383969012
365896160
388688328
310380280
383087138
317841300
368085508
68174946
232918154
266497210
7321006
419539064
365280482
94780728
56367052
193362764
370496196
95671030
149271444
179502624
413830466
19176976
419451802
412698860
262810002
187074244
420273140
150213336
290600814
294682458
295053808
387468186
401619386
408900030
383596332
100509696
189845992
914732
2463538
309510824
30467724
101291330
30471434
191271402
341739594
409228582
233394938
385018158
129265836
444091116
186877194
151246816
273253386
33973772
323742076
118670454
235130098
398585180
68816272
17888906
49320432
48592054
426123936
160788292
201799654
94778026
13906494
423976910
251215720
88118702
155311534
210441686
229524652
131263006
146020014
82632410
15150996
164084228
120216138
216968878
241085166
25042682
390907076
268638930
267483020
109557630
80912832
186252206
188574092
264561528
232400588
200607498
114185974
317237886
20634642
36588580
430896004
425617752
366271262
164133648
267301944
384528690
13828080
27053656
208619894
42380646
444690960
138409740
349035890
58775024
352470384
261109044
361544512
341393906
240224082
76089692
421695750
23947098
81389000
265454854
434331184
439283236
383116580
244508810
416709748
316547840
338661918
407151682
125556788
245723184
184499938
283572744
171756466
422578198
73551240
273082684
2368436
54763142
108627302
336390586
200287514
30048662
372498056
184022146
317412438
355016424
27335770
307215272
252183750
205618756
205557408
271685988
29084986
74591454
60145988
364477162
123935210
18391996
20623834
410219992
71062936
157822182
51071300
88206468
76786248
170157918
256850720
141260826
235658962
428586284
184405606
249592210
422249016
123952892
180327112
403039784
10383520
136745798
207931682
216390258
63110908
429708916
86522590
237971230
97153084
378335930
200922652
167031662
308161056
223563984
168324436
180037648
329940562
65868180
45727766
313952800
398457514
118342588
428477014
75124812
395793692
437972878
130971232
147711382
246545978
83588218
140853636
114607332
210252056
159415144
175566216
389740344
368919866
10849958
362977608
290790850
430962742
94815112
117842004
288871240
313889184
391239380
240226042
443555238
324700768
81338810
7348348
203824082
207137196
197849036
4969160
39427626
240728488
426539820
344446928
252491666
417506292
241450062
135411892
420837844
110442696
18840710
423860430
428295686
61494608
22411424
20694380
332058398
6507928
302167180
223421926
228896976
153301400
61516784
74132898
26762386
274296652
405235754
164280998
96111526
200971996
425973828
34414660
261351426
444074414
417598944
199958710
132389180
42654052
295253140
254281930
348611298
339125794
81039854
331287684
222023158
420427280
131750808
269520202
82025356
81274256
287853244
401620842
403547340
322459480
180431440
158519956
355221650
420226002
447325424
277972856
386803788
101304840
72659412
177315474
210791658
370576010
422833040
447498184
369389356
91463232
215204794
63931546
293931610
7867426
273798336
67361644
388556084
211189230
364681100
99123094
332568586
155558172
377506934
435203496
158238360
433005468
164901240
207876606
377001646
426169002
142663444
239042846
212443588
144489618
441766528
112924532
284425498
76014134
266623000
74928854
225246924
220303342
82818008
168511840
339346294
326022060
72018870
51906134
196872718
293489098
86831696
447297004
36580642
290545178
140723842
374472126
348024642
295754578
344908466
266451066
374682924
375244268
304362730
180455968
412015016
216613894
400272852
356774124
49663096
259241290
194793928
180934782
328320636
283795596
393082928
248287298
328141408
106402870
210324744
331036972
67703720
49240702
401258158
247285206
74605188
154972762
162355424
353367448
349961122
415656780
445516918
227502786
402203354
127406748
143007326
338108442
363781348
34762826
7271824
25895128
52275230
203920458
103610318
406243278
215291230
211620542
444915268
74114572
408807952
425922714
93145850
106741208
319859764
9913218
204266132
107723196
420379568
446417664
43864310
229987408
131104526
281978424
402895654
186756052
59496346
206563294
57970794
447699224
72293144
349042386
31656044
294003962
335198640
272383972
273863716
51801512
35544418
199214246
122017098
354809392
218119426
111647088
27974632
64330224
266872676
368366334
146918912
198424506
423782324
266592550
381134348
43653946
226531298
410469276
148450904
178621408
397001556
183781640
359931544
314765360
222525492
388262098
95022606
95680410
166781762
138955572
311314122
198982868
267257312
281376690
386838648
404173784
34248214
391505422
424840976
336018452
113848196
404079018
368807656
299002172
326794146
209599208
229345970
235655112
23323370
255962350
61713666
326366572
166359298
71400546
323621424
210476210
346588494
66975524
391203624
134351938
388377514
256656918
175516866
54393794
344363866
301233534
79765504
28377804
107156056
108399480
125414884
191787414
213043516
367120950
84142030
307931148
168723422
229021086
194816916
182955010
332761114
91216958
192649352
439053160
172428158
221787188
69840106
205706410
236951218
397975886
326294276
276433766
420078470
384599022
394136386
421999774
404286092
21401534
107024092
142166024
86897538
21114296
386083488
62895434
419589604
185792180
65180766
351920884
237950090
316987944
178867234
98662564
356625416
29364104
437703392
134957074
6287764
298567220
291407900
56148778
193510184
388303104
318937024
437103786
306746748
114315894
61546072
54535950
380698234
438231402
404308030
156186450
65650410
413192738
205435104
106019564
119634522
30281412
338666510
97036282
169799896
295589336
153955564
42781830
422345140
105269290
122370458
447937084
65289700
211008504
149086588
291094048
36748754
316934478
303329684
25324096
27021148
77277984
89932472
210587720
270298014
319980150
187237512
429340506
305157790
327632074
439111204
236920180
430908716
369222770
136831576
104111896
309856918
53246816
309051064
97270208
230029338
241013108
318838870
350012376
140905184
72442678
448566482
346534258
435864506
223309786
162987412
38631334
343063756
109814852
114595082
85272978
119381108
232894886
90670398
68324200
66578890
63026040
131736262
438817834
264531848
334298398
299294058
345313584
240785062
320007814
80952858
147448714
247944788
99407560
358989974
78324110
419402998
172552534
50903706
416062626
16460248
175326620
26754014
159204402
23175922
267913912
350199248
420235956
310143176
315545790
422364404
408637404
29908620
420569058
274421854
234870762
430667678
12678834
138070170
151615380
340588696
11289642
110272470
274382486
324427824
118765752
363969340
423146094
127939154
185272304
245778008
241931634
159078654
18105766
183108016
144734898
49023114
62440
43202138
192369814
415546600
430232250
384417992
115999898
306656308
189476070
70492086
316355032
445434892
197435224
102505760
53096820
333631886
9435034
193061106
99678726
305148942
135376150
431691134
178018820
283880968
299800844
78150128
378042686
291707444
326532206
60820872
288350328
182450310
10475976
279960604
82431286
439532730
42643566
63956242
301335524
7757260
197534722
43867040
102655938
306945758
178717686
53799270
402929002
233436000
317486344
141708084
6087606
142872982
392992824
48045480
411687514
435785182
137664268
392988960
29653974
291348694
276214764
174417306
445586722
425435836
108757362
291440954
201489036
60753756
61675348
319157664
257931772
326588374
114543702
264876654
382516400
169436134
12860442
443346582
394532362
124813668
229482736
144602626
151585392
12120668
161265384
73801098
74674488
379042776
169120154
30432402
401382114
377027126
103212396
174602526
78486646
430219314
85278816
36136576
89644142
389453372
30798250
380529968
310292150
18733610
444658956
132800626
444037552
313184746
52877174
260626156
306209232
222354776
396100222
105075558
348568094
140256718
434109508
416936744
379385384
64700118
63995904
167470716
260808324
240196418
438543644
223329806
143066084
40271238
51239314
41656860
434319984
315949144
272967086
90350302
259332514
134464190
132770540
362164824
143745280
416363794
227764082
448368774
278790848
443981062
304874094
247081366
418826142
308815752
337504342
58722608
320702480
146436948
364119784
376044298
11639012
53339762
425307988
13984628
414656536
338757412
215617178
334157348
123763206
121926700
229334896
123795378
213077424
329044702
256006968
206805928
405577410
149373420
358158080
62799674
404898004
377754258
386673910
67586036
407723512
295435042
128728138
210918078
115498026
328458158
305874996
233286900
26638290
160111896
166608904
285774132
158851392
280053858
50003324
448525994
104672358
392676004
201062330
173050038
309928304
378196588
292471886
185869530
99821890
434113806
130138316
206383310
274109892
246970752
412428996
88194050
214684260
82429830
108455718
258587042
122343592
76727224
355220418
111129102
120196426
174506570
289210572
91887194
330267952
148110200
313236406
218949080
141411438
299189982
387796906
169592374
238507136
311320226
297567704
110377078
203973168
60222260
354530232
208434212
48901314
161253694
270163404
257016690
363464836
12838868
211546048
47821018
9666832
11174394
443550548
328809600
163400356
111092002
385904190
305814880
399568288
184526902
262754352
375901136
389236834
206833522
23321956
28995526
378411418
423415048
38368484
144227384
199892126
218163106
442536430
161202608
298966290
423062080
74165028
179138876
118995282
307732180
204713292
378364406
431412674
344106686
293158110
427895566
208860596
4973472
162751834
147077476
393753500
386959622
16732954
198487926
236364156
309581552
243467084
238928060
89954816
14660156
20268332
96105996
119857584
187469912
135875222
219026416
95611838
339480778
229177186
127842666
309914416
74028220
447784484
395361960
101126872
283761016
361969174
220816512
104058822
2160060
179937128
106921668
256874226
154032956
274286698
358564178
399506982
384013182
166796056
82168506
176657726
299643204
74232116
42154084
30076802
392771260
292448506
382979212
270534460
278897276
247905476
413344596
411007366
187438818
397787754
149408476
33994226
296186128
315260260
393399286
82378366
37187668
328536852
143448634
396737166
297726114
340206034
227789618
198781184
256488582
14665378
406917560
12084408
323308384
188764828
79641072
202878900
181912220
74615072
169222074
133173180
337812440
1772680
431975712
212652650
130649568
357980742
362099640
155417934
128750258
404901742
312226474
59309390
53373166
72390920
107062564
200273080
257504590
306143656
224325500
223404244
19952688
186952136
65205518
448753018
164788428
270913902
49607614
365373288
438940474
158450698
430782100
248080742
338375282
221346944
37504138
142356466
173193384
143190950
402896158
108899322
155034376
300564516
193042206
428565844
425731572
226373770
183928654
71453494
430821720
20802320
116580324
96016088
117617752
401306934
262697316
306963874
381249526
200778228
18161570
150222828
106226876
216947920
435425788
330484742
439465572
184406082
205713788
268365650
408005514
180030802
400632540
245374318
165079516
239210188
312892272
202810006
268941162
47405288
313077086
178892784
150066448
248161382
119972706
89508762
369289690
287591150
428345974
234401608
434292152
368151476
395968202
347326616
149232104
137979072
315008176
403939088
416511900
348935272
305914406
433150088
310127300
397356596
93902704
1386014
317376864
248917508
299391582
389535496
393274518
406580972
373146690
242051754
331048998
136294046
362474714
141096816
118375376
292699316
12278392
351517670
122274796
104865488
140783496
324250626
307252006
326042696
192735158
432275382
396095490
118684776
331609754
253678880
111777568
408411682
160399260
100756978
79926882
94715488
32407214
6203092
71180270
28491820
370543950
395544940
75511884
170951004
318728116
170212392
52483886
100162174
400594138
327724894
434644154
330305304
230547884
151301990
213416350
281216334
215173574
429021782
56917434
239972264
223988422
349793864
82492018
16351412
209713028
24254174
447682676
173074902
338622172
83215468
334188176
64569554
317227722
347584146
60742528
84402542
153090532
244345458
296804242
320154842
376125680
379135764
275081954
362356246
18331488
231356272
275168082
159583620
216550320
422184266
125501152
282925902
340835740
133696136
284858588
179404148
137998294
396136398
167783364
376472460
1615194
362673374
212913932
369744550
25374538
213688720
102494238
38676428
7324002
158545562
94848572
241672718
14780192
118758038
324292332
341976110
15923670
194255502
110916358
25700710
203782390
352897006
415833950
166861268
187492032
409814846
156405942
406747110
381380538
129554418
437626280
309042496
404198452
176150786
108619336
219916522
204056552
17906224
309884652
50686888
310853816
68264798
342230308
13433798
45047436
136315018
326382336
260897868
351736014
237387472
40533584
293443962
212620436
389118786
283972850
119336098
373210782
258821402
245070056
4144182
96230792
286545490
197203146
83308694
333498410
267869546
234857224
337523830
333455374
347361112
68660102
290897250
307192452
275960384
12375846
52104332
410709166
311313380
293154414
277817792
31318336
267437842
329159488
56670292
158523330
92923502
18638144
129524220
378441336
273496398
354893070
332626322
30598568
67972520
413251328
275614458
24458924
91408758
9407006
27930098
334390350
293252652
118327986
283233720
36495424
227359622
141275330
58278220
33276894
203889280
25663260
178356542
189204652
295145242
126503104
302381394
148044554
72238194
360328276
222638220
10712660
25962062
399024388
417613098
327863732
435845410
99035342
339037622
340541572
434718774
444363598
153974772
255359370
7036050
243920950
384901174
276937990
332249274
279304732
400430408
409919524
444806880
7672644
115500882
338241484
134160992
295233386
343397250
310445800
349199326
413386568
376495070
233279032
46661370
337895586
25573422
199810044
308583870
268705990
349927452
57945692
409078894
86288860
134385678
444326694
238021490
412009192
124343758
53595024
161457758
62526912
417855382
71206394
107845430
116457040
449951908
278513438
332916290
230547198
217807632
18342716
51282882
353262616
230487250
360175788
93931068
319995606
296037588
161997234
368915176
349191360
270200168
243246696
362913740
68216246
272768468
404824084
381598980
