2000 2000 744676666
1730
1709
802
81
854
614
1475
1819
1489
271
1800
1988
1667
886
1166
603
1751
265
1941
1346
335
1216
1676
1571
1393
427
723
357
1766
1682
860
1144
76
1666
910
1591
1981
1775
1423
1055
1898
1846
1557
1118
60
916
1039
1142
38
1964
421
939
397
1496
1273
1060
691
1620
1170
1890
1201
1673
1066
960
879
888
1810
1885
1018
1967
1187
1858
1374
1715
1405
1841
649
1648
190
1056
775
1773
1527
1835
1975
98
1399
511
1951
35
1380
1726
1494
861
855
1026
100
388
1864
776
492
984
1419
1236
1611
498
295
1761
1796
1341
683
792
1105
682
1587
690
1424
1090
539
1516
1080
1565
1699
555
290
24
1069
551
1545
1797
1560
1590
616
912
859
408
4
376
1111
1306
1387
790
201
797
1521
1999
1863
1122
204
278
1137
1437
695
1054
270
970
1897
1200
1284
141
215
589
1520
1507
1334
1745
512
1190
350
851
73
1968
1974
1406
1786
1965
426
1939
764
1089
1577
1279
368
1263
1329
1255
1413
1697
681
1752
1830
1749
69
924
88
966
1061
948
1259
30
304
499
768
737
1139
445
1746
1529
177
1547
708
406
1807
1484
1212
1171
1718
1661
834
1138
644
1444
1007
242
557
1549
1158
123
12
1354
523
1116
212
782
133
920
928
1492
1656
116
194
577
1150
793
591
250
383
953
487
1767
646
1723
1929
358
1163
608
1985
662
230
1809
1022
1095
1127
1973
1450
1722
301
872
488
568
721
818
319
17
1887
187
336
416
934
1383
23
990
232
1541
1358
835
1953
622
272
1938
161
1601
840
1235
343
106
1483
822
627
34
1778
1460
1160
1001
777
1445
1177
1415
1159
112
367
1683
633
1793
1094
1323
1704
1051
1750
1031
863
1574
1206
1534
417
1828
348
770
202
44
196
1071
142
1447
363
263
1949
867
130
637
61
163
1758
582
1293
876
1665
1641
1533
562
1616
1265
1338
422
805
1663
171
143
1410
1931
282
808
1957
51
1498
1903
1586
1883
1348
1337
139
605
1754
1844
1860
1120
1856
843
880
1837
765
1141
1892
217
1458
533
365
1226
957
567
1295
1996
1553
1581
732
1262
1714
842
1318
57
384
1772
341
468
1592
140
1396
837
1181
1248
697
1915
1210
1729
484
955
246
597
1783
1042
1923
698
1371
623
1466
1662
757
1651
1431
1681
1552
1373
1958
1569
5
686
1457
1671
1023
1738
1891
752
1222
1524
344
1870
956
1366
1523
641
1330
1613
1570
1040
1239
1895
1727
1353
565
156
1886
97
718
1227
852
750
811
1763
1182
1561
1355
115
1834
1990
548
152
1493
1764
436
1232
1065
873
1982
251
1705
70
1357
1991
1085
252
25
1865
7
1046
1607
205
602
1349
303
653
897
1685
65
570
1934
761
926
1942
438
534
968
1501
763
317
1781
1804
1482
1703
556
154
853
1121
1131
182
1403
1532
1937
856
1192
1632
337
647
634
435
46
1179
713
1473
1832
684
1802
169
1983
1404
1486
208
136
1550
1173
725
706
1717
1202
1814
18
181
1478
1017
1909
635
1645
1149
285
1287
1294
1928
1961
1249
296
991
516
1217
134
490
820
131
1233
1000
1618
1123
679
351
1072
1795
1922
95
1910
372
1551
243
247
638
850
1451
937
1441
1794
1698
1806
1978
594
206
1927
1596
126
78
1720
711
191
1439
1386
14
813
927
380
1155
1563
103
400
1469
323
789
1868
1515
696
1009
486
520
1882
531
1637
462
736
1799
1896
1901
906
477
1888
68
127
1647
151
985
1852
631
1914
266
717
1650
235
1680
550
1833
798
446
942
923
1376
903
1218
1209
62
1660
673
1836
1970
1242
702
264
574
1842
599
248
1058
99
1028
1443
809
218
919
262
1435
780
1361
1808
1629
188
699
1623
560
1292
1518
1372
42
703
1342
1300
1271
401
1194
429
1289
91
961
1234
632
325
1490
1070
1514
1328
866
584
712
200
482
1504
261
428
222
766
306
945
817
287
625
1711
831
1220
26
981
783
1409
704
745
1347
1298
982
823
255
1823
1694
1470
158
1331
508
92
1536
598
1168
994
501
355
517
1362
1960
1811
404
693
1946
1033
430
774
914
258
1019
455
1625
27
1251
288
1285
113
1642
1506
1531
423
411
1369
586
1573
1152
833
310
541
877
349
474
509
1921
1969
787
393
1861
1468
356
268
999
479
425
297
1004
898
1268
150
1438
734
1831
720
1884
1075
1384
1010
1755
1221
447
566
1768
1636
37
1608
838
902
300
895
728
211
1093
469
535
299
1644
938
345
678
339
15
1197
1646
407
1522
210
1689
978
1254
96
526
1805
800
806
965
9
1564
969
642
1741
1998
760
1043
253
110
1827
1774
1543
1214
540
175
901
1517
1151
1943
1959
716
59
1082
1848
514
922
1992
1920
1211
1879
1721
754
1454
791
1933
795
1724
524
1091
135
1913
1193
390
1208
419
49
869
1215
578
610
220
844
592
1605
1114
946
549
972
1016
1092
238
503
772
1589
1320
1119
665
1407
1576
213
1572
66
77
1345
234
480
781
1256
443
1464
442
1079
882
405
1319
1408
1500
10
226
742
1008
836
1693
975
1101
1497
1433
237
579
1701
489
1134
1205
954
819
1791
1385
137
1734
1690
1977
769
630
453
1352
883
1633
747
731
312
1485
1634
1932
674
527
1631
1925
1081
1554
807
1604
1597
1803
1716
571
1153
148
1845
1223
650
1624
1442
1851
389
1869
1487
257
195
1203
1477
1780
85
1653
1785
997
986
50
1743
157
1559
977
1994
240
1257
1765
1579
239
364
1880
214
1041
11
1872
1311
1899
1635
1154
1261
84
601
122
1245
111
231
1377
925
291
1258
1301
575
1411
1086
839
963
620
172
810
585
829
964
1894
738
722
744
1818
958
1077
530
1375
452
1621
1198
1725
359
1585
519
1313
342
459
284
1603
1619
1855
1188
1290
16
1189
701
395
536
1610
600
1737
847
1871
1109
460
1505
758
1147
1250
554
203
849
260
1622
1875
448
1006
1762
108
1862
799
1911
609
1782
420
64
1790
1801
1907
658
21
1418
1877
617
128
1130
1456
1252
39
830
864
471
672
495
331
207
366
1815
528
63
1446
1594
841
107
1164
1368
1167
1088
1788
118
146
743
329
1390
1916
905
1677
40
1558
2000
588
1542
1582
360
755
149
476
1326
369
67
1789
1691
313
1274
1367
178
1253
1740
3
28
913
1535
1947
1956
1275
1025
1103
976
1148
930
1628
726
1655
1238
1024
475
1112
921
1057
22
935
1002
324
874
918
1480
29
221
573
1817
1107
1247
464
1906
1047
346
773
431
1555
1436
1048
1356
1333
1062
80
615
951
381
1145
1339
989
1732
1267
1792
507
907
1027
274
1984
1426
292
1297
145
1032
667
552
1739
700
893
1710
629
1453
525
1669
280
1125
378
1117
1427
1919
988
659
812
1186
979
746
1659
987
1392
1902
1068
1481
1859
908
675
1627
688
1675
236
1813
1843
410
168
899
645
1692
370
1084
279
1325
457
1316
183
470
333
1900
1878
1771
1976
1108
1283
1360
167
1264
1388
1332
1993
1784
352
199
1971
144
657
58
1664
1219
281
114
124
1029
959
334
1568
569
432
1020
1816
1034
1165
1566
223
1954
1776
1402
1398
771
254
894
1207
1429
1684
1670
952
1401
826
821
670
229
803
593
655
1526
1513
606
1562
607
1499
1317
1924
1087
1322
2
1400
1546
1135
1281
1304
1820
689
1502
1688
749
1829
1014
249
583
1230
478
1102
1747
936
510
330
269
660
308
43
1838
1821
618
1756
1452
1421
612
1359
450
198
832
1588
1583
1172
48
1707
286
1770
1397
1760
1003
1986
1539
1926
132
1425
710
741
715
1012
663
862
1463
561
788
409
413
245
729
320
1461
82
868
1204
94
522
1474
543
1853
971
949
931
900
1302
1266
1448
434
440
762
1340
705
1099
1940
71
1076
1335
505
1312
915
456
502
1005
1538
1237
628
814
1847
887
857
1412
640
1336
881
1713
1199
1918
1045
386
36
669
1011
283
962
648
93
6
277
1282
639
1708
1678
1945
180
1416
463
375
1854
193
155
1465
1378
1162
233
1038
1365
1394
1668
1178
544
56
1599
885
1381
458
322
170
414
101
1626
1866
929
576
1156
164
580
680
385
402
933
719
289
1479
1417
105
472
326
125
1905
596
944
166
904
424
1742
1736
1113
993
1687
117
651
515
1050
102
1672
461
121
473
1184
643
865
1602
595
846
45
692
1540
547
1430
1658
332
1350
1021
1175
1067
521
467
1196
707
1299
55
794
1225
941
1944
676
1176
1609
1679
572
1073
687
1966
1787
1825
1556
353
316
1757
1511
197
109
714
848
1174
739
354
186
564
824
1229
1963
740
165
1185
1630
1972
373
1305
1243
33
917
940
1600
884
1876
1712
219
1595
75
1989
1649
1324
1950
694
1440
1593
415
444
611
1132
1246
496
1706
328
1995
481
1873
1064
666
709
1308
1812
1728
624
1370
1488
1327
1351
537
412
621
89
227
153
1288
1874
538
418
654
1824
1270
83
1036
1124
1598
974
1015
449
1382
804
1314
1936
441
451
1115
619
1948
465
801
816
1617
875
1584
1110
1731
209
756
185
661
967
858
1035
1962
1161
1696
1414
1686
892
1567
294
1037
1049
382
995
1128
1083
815
327
652
785
1893
735
321
1391
1432
1467
244
391
87
273
362
184
454
1315
298
753
1169
759
120
558
1428
950
1508
1228
1702
671
437
1136
1471
160
1643
315
1733
730
1544
159
74
1904
513
1296
1512
1657
1638
1389
998
394
1459
983
1612
1146
119
1987
1059
497
1769
1195
664
1748
1455
767
1850
1839
909
399
891
1509
604
47
1078
1143
778
1652
72
1344
1840
129
1420
256
1639
267
54
1449
293
79
1674
192
1307
1240
1476
216
1104
224
174
1700
668
943
1276
896
1857
1097
1096
636
19
1272
1528
340
13
1695
491
518
392
1321
784
1606
1191
396
241
1310
1269
1074
1231
532
302
1777
1849
379
53
1867
1
32
845
996
485
1462
1280
727
1044
870
176
1917
973
338
1030
980
1614
1952
724
546
890
20
1491
685
613
626
1525
1779
542
1213
827
1126
1343
1364
878
1654
1395
1719
1309
1140
1291
871
1537
1434
1180
377
305
1908
1615
504
581
1052
828
493
1580
1640
311
1955
52
1798
374
1930
1759
361
494
433
786
545
173
779
314
563
483
1098
162
41
1889
947
796
387
1826
1503
1260
309
889
1997
590
1510
1548
1822
1980
138
733
8
1495
228
677
1530
932
318
587
500
992
825
1053
1979
1575
559
189
1157
656
259
1286
439
179
529
1753
371
1129
1472
1363
553
90
466
1422
1303
307
1100
1013
1133
225
1881
1379
1063
1744
1183
751
1241
748
1278
911
506
1244
1224
403
104
1935
1277
1578
398
1912
1735
147
347
1106
1519
86
276
275
31
