1581 1581 827159860
1343
1178
301
276
273
673
285
249
941
112
1415
1421
1273
205
1426
625
897
770
1038
900
875
812
594
1236
457
438
811
1417
1218
322
219
49
1258
146
1347
1384
819
455
1359
972
821
977
1414
1355
973
1577
1177
448
853
1427
674
1084
1245
1465
1153
714
1020
1365
1530
1154
688
1243
1348
1193
1475
236
720
334
1057
1190
851
527
1469
1479
1250
404
1196
434
329
539
1043
994
60
75
1366
177
702
440
490
537
663
1275
1482
793
1142
605
867
213
1528
1047
908
185
1076
1454
64
183
121
658
858
1473
588
1066
917
1390
694
610
321
705
344
1378
598
1561
339
1456
1237
831
731
942
316
544
458
838
1512
295
1292
281
1232
1175
569
266
704
194
1027
1172
1252
660
260
338
1186
613
287
1109
646
992
396
366
1508
1398
934
656
1470
286
1234
1368
1030
467
108
153
1119
13
387
1092
370
312
543
862
197
521
1536
914
19
966
1180
989
558
676
515
97
1462
999
1046
23
290
881
1319
1560
328
746
542
486
1156
346
940
17
583
1279
314
81
69
1559
643
1419
806
642
132
238
1449
887
1229
554
882
184
291
1284
145
706
944
418
568
349
988
1055
845
1443
395
447
564
681
468
1569
1318
1501
1155
1189
408
842
1176
1033
686
633
46
1364
1394
804
1405
1079
1372
251
724
742
925
1311
777
471
1060
752
354
1259
1004
1113
844
1521
198
650
202
1121
144
424
815
621
904
208
1312
16
1001
243
536
1494
191
1216
794
611
308
562
970
95
1391
492
452
520
524
618
1247
1556
997
947
235
371
252
1230
1170
1492
579
1050
226
1551
1339
629
732
1014
982
590
797
734
200
855
302
592
1507
462
192
22
1276
1321
975
90
1164
347
427
837
659
229
1162
730
464
1251
585
59
931
350
1120
443
138
1133
665
805
531
1085
82
1211
1209
986
283
1022
78
565
1272
840
137
51
582
1143
1115
1350
690
637
497
951
167
540
1078
1563
118
430
357
20
1296
1305
131
1073
1149
1397
725
620
267
297
480
193
44
849
1253
960
223
843
1006
1096
952
535
612
1203
574
1298
1513
110
1228
399
1081
557
1264
454
299
228
606
901
358
1224
698
1537
784
1097
898
695
717
615
879
764
1356
1308
1351
1221
624
1484
953
759
473
1108
27
954
209
61
1340
383
775
1538
92
1029
636
323
924
1329
171
506
1130
122
1277
109
813
38
2
220
1375
984
596
158
576
1383
1461
1334
53
685
948
1441
1548
400
654
790
873
477
1223
1015
206
496
148
1023
1025
1534
289
976
352
1144
1150
54
559
426
1497
48
1543
1377
1094
1301
461
846
1287
932
210
820
1446
760
751
170
150
687
1009
1533
729
1485
894
1021
801
861
866
863
1323
1003
1010
91
423
402
442
1460
1165
1431
802
799
311
684
1103
157
466
254
512
188
1012
507
991
701
1126
113
1184
384
753
1122
1519
945
1572
221
1128
348
1297
484
152
1238
1544
416
1205
241
1361
758
1071
123
149
1504
1313
1424
1181
187
1439
1404
566
1408
1100
1213
230
319
87
1171
1527
998
528
631
534
1436
1392
635
936
1324
45
1099
1268
1500
965
325
1555
699
279
549
3
107
127
425
63
697
403
1303
1086
1064
781
1490
774
190
1074
1570
1327
1105
296
572
727
1428
560
1051
172
1002
481
1493
593
363
1040
218
335
1063
892
707
1464
1420
589
737
375
570
261
1151
1411
744
1315
342
74
595
1520
1502
911
987
482
782
946
710
160
478
1112
868
212
101
671
996
632
1396
503
40
978
1125
745
114
776
1299
1409
1194
1444
1381
66
795
1373
125
1328
1215
1008
1486
950
1111
1565
1005
245
8
1295
990
824
417
332
721
645
974
327
878
465
691
1545
1217
762
318
1013
1578
738
1306
967
1145
470
647
1472
129
331
916
76
77
55
1346
1139
274
667
1371
718
374
1526
444
1505
359
222
1114
1481
822
99
628
662
607
1574
79
1448
391
1246
1104
719
485
1553
1072
1400
1337
1401
43
1118
541
1523
510
1506
1579
733
1206
128
47
174
1065
739
969
445
390
502
1197
11
755
1233
1535
809
683
441
1053
182
519
257
1451
1550
439
1056
111
21
1089
880
373
670
523
1037
382
397
591
336
1307
949
888
1059
1467
1
265
1007
34
151
436
1049
1491
979
1434
52
1540
514
553
1453
829
735
765
1179
1201
410
915
264
491
499
657
786
1317
1438
1503
580
1192
1487
31
860
1019
1353
1393
201
1058
433
1352
459
1357
508
181
1511
1240
1496
708
343
1483
306
778
176
1402
1457
1141
1062
666
29
639
406
1255
938
859
571
1026
253
919
100
288
65
622
807
783
619
175
388
1531
421
711
1430
1244
250
883
1138
1134
712
1552
1478
479
779
1450
1212
930
262
1413
551
943
224
1117
857
1459
1132
835
1225
767
899
85
682
1263
1335
1107
1028
1256
905
693
1146
398
1509
215
1558
1091
1248
586
1425
627
1580
1198
921
1442
1440
1269
1341
116
1265
389
189
1061
207
716
324
1222
214
6
1286
1274
161
826
258
282
12
179
232
155
1278
195
500
743
1271
1374
365
340
1576
1080
351
294
1541
476
907
623
1101
1137
561
700
376
472
1379
876
1571
432
555
517
234
180
1093
906
259
392
120
237
722
856
1549
552
1342
771
823
533
68
141
933
1516
833
1044
505
1077
957
1083
126
428
475
648
1476
199
939
1573
789
119
1187
405
165
885
547
1380
798
242
832
638
993
407
5
1345
891
1032
1167
816
115
1135
788
435
1471
292
57
926
1220
1510
1529
577
1360
1336
1000
293
1174
1262
453
641
56
33
244
504
493
1433
431
463
651
196
886
360
231
1267
162
985
532
270
168
847
1202
513
668
1410
96
130
828
1466
836
381
1011
1041
796
451
754
18
937
959
256
271
1042
300
420
850
874
317
469
575
1532
787
341
102
955
1016
1320
757
830
756
1566
1282
1547
995
487
330
488
367
1326
98
309
1581
608
1518
14
865
489
723
15
652
124
320
920
1554
163
86
750
280
1266
679
1123
1455
50
169
1437
761
105
1362
460
538
1158
80
84
983
1054
1418
88
411
909
749
929
450
808
1257
1226
298
104
1157
672
1452
817
1542
703
971
355
1095
136
1191
1399
372
567
649
526
1090
1316
1300
1204
839
1293
1358
630
73
67
1182
58
616
546
412
142
419
178
313
603
766
41
1525
1242
511
429
935
1499
133
852
1539
556
664
315
1395
278
928
1152
1416
1102
872
415
530
1131
1309
106
692
361
913
401
409
785
240
1260
1017
1188
736
597
961
1302
780
393
1280
644
227
1291
709
1568
893
1200
72
581
385
9
922
587
903
1173
134
769
800
1159
70
912
1035
1124
1214
1435
890
216
247
225
599
275
1069
768
173
968
1349
353
272
980
1249
1163
747
1463
518
140
814
1261
117
42
1024
1129
1429
28
563
25
1048
601
1338
1082
501
1386
1332
810
143
1363
584
1557
62
1388
35
1183
1422
1195
653
545
626
715
1288
1199
1231
1546
456
369
1166
1208
333
1474
1127
1367
1235
713
675
1382
1344
870
1567
792
1524
772
446
1477
362
609
1185
204
1575
748
186
981
864
24
689
602
604
246
30
135
93
516
1052
1515
1333
1354
634
154
548
103
1285
139
1304
1140
89
1432
203
326
834
474
1330
1106
233
728
164
1447
1489
307
284
1116
268
655
963
36
1495
964
166
269
4
677
1254
1369
413
386
1075
494
825
1412
1370
239
147
83
356
37
1207
422
1045
848
1403
1389
437
310
1270
1087
1034
1289
578
1160
550
1517
614
763
1385
337
1088
1468
1488
1281
869
345
1294
1147
803
304
1136
1406
255
380
773
159
1325
1098
877
854
248
661
726
394
71
94
364
1036
1219
156
1423
1068
498
669
1314
1070
277
1310
1480
379
377
927
1522
217
509
1031
1331
956
529
958
640
522
910
741
378
1322
895
1239
902
1564
1110
1376
1168
678
1039
680
1283
1458
1161
39
889
303
1148
1067
1227
7
696
10
1210
841
573
923
1445
495
211
871
483
896
368
1514
263
600
305
26
791
414
1562
962
1241
827
1018
884
1290
1169
449
617
1387
1498
918
32
740
818
1407
525
