178197888
453736488
121605648
401947896
498803376
120112176
187153056
442429884
63499140
58607808
328494132
439695108
479696196
270806772
366214692
396302232
150329232
66248412
211620120
388641504
60930036
106843212
371045868
47086740
291148344
380820120
84765432
126292860
64834464
503045064
322522248
248077908
90681444
461139540
438530796
185321736
328364616
18150168
29352936
365250048
261600576
194780616
415234836
250450140
215818068
114906600
105805836
353599824
437142492
493191876
386217900
202068744
485880888
462194196
154574376
49204080
408717960
316110744
461930328
199198020
191062572
164864952
326610144
432524280
299109300
486293376
413813340
134229984
153567492
56659164
285114732
50656020
299525436
355390080
197319396
497138292
171816000
132845460
357830352
484407180
229027008
240242340
24244428
80863680
218849376
179873460
177494592
475929024
224524512
173776092
156759108
488307840
267650484
90034056
190411152
13847160
5883216
350007912
151096632
179407008
96099048
357539316
431284680
90770784
184912308
131909052
346096572
483419568
50330352
456792624
349105920
242105724
48629244
18663228
340885812
234731124
117829512
110944920
270097080
491064048
290721288
290117712
417650796
170364708
374425620
346260696
340382016
7294788
132320340
186918336
171508152
359416428
213191604
119437908
191521452
430530516
165604080
87024348
381595008
462770772
17475636
212147460
258053316
416834940
167856528
254792400
387265020
275966184
199002540
109976412
119182848
195497112
111843864
323985240
276233388
329244528
449322708
67841124
269540412
247750404
360126864
446279028
415853640
96163476
265815576
351069192
118892112
150612960
436011408
330535692
436234620
151876884
376111068
262139760
198862872
41575128
7130376
408674508
227691408
17219976
25924476
41004252
506253384
277567812
25822488
474103200
171735888
83313132
364509096
295378812
116955672
241224144
265835880
272591616
460853964
22513116
128171544
394407024
317959248
81066588
55324956
346231668
264654780
147543192
365840376
43326744
185348568
198064872
490367712
384992460
237874440
70193280
258513432
58427808
297004728
56873148
139417608
67580424
51330120
127588236
454159452
88706628
34303140
241217112
418376328
8652504
143616288
333451860
187215696
106134792
503441880
393922008
427857504
395169828
165658092
138462648
280133316
89461140
34791732
420774888
324792372
130657020
98903484
214191084
372473172
289501188
412815324
175889976
300686352
403373400
300493728
380267808
130885872
468301548
472174920
488628012
164543592
456017844
32762616
315036900
474489900
246889812
47428596
277457304
206281668
68694756
48358164
128793288
205178676
201228924
64947516
240300684
28273800
192267816
31953384
323979732
415100748
404469048
291248772
55607496
99286812
81296136
39793980
480566364
355954992
239441016
90208680
287253156
342024756
115718844
113234712
266840256
337193160
170142576
26151276
372870696
238001856
45852024
394006308
158296896
127682676
104901204
204222372
3179484
67280484
300530004
194704080
290304036
468739176
418515096
135548736
209546976
77092176
150751896
392337012
495447324
377474064
483466980
31050300
179871492
494914200
347579856
4190448
400242552
471390168
461633340
441169944
310625676
186054132
280807788
482464656
458443104
141544620
272041368
321633360
129467376
390013392
27711768
441670416
238318524
109922784
77157912
504897492
341097660
332043504
225746184
348375384
190056612
28581000
505784280
506391360
387902712
133612128
396432348
51328932
65162616
454241568
346798608
438652176
337620048
148329024
8702676
200588052
431543460
404576712
460736460
255088076
473167476
115983840
394526544
48768888
268955784
8912724
112307520
442238412
405141756
398550900
390678720
185463240
420835368
82823280
193620600
41389236
156727140
106176984
22034328
337815216
193536384
299657112
35382492
311443068
168871812
248300832
348282924
312126936
77555856
54658968
408028020
378895464
140965692
259582716
42142668
53779872
383199948
41719476
255848988
182756688
499023816
145107588
68598948
19001532
278824716
411312792
248362152
260267124
36824412
253988508
75114228
414827892
331579320
244587780
184686072
273999996
40977204
295531956
502711404
172869300
200592120
187988976
330054108
210189792
258732864
211874064
301743252
260489232
64816764
73616292
319282692
45685896
164959548
268026660
373859736
249288684
69403740
245803668
247382748
81364068
435600948
149451048
107234364
233862708
238706604
271752876
192485292
134901552
469181640
226008768
260892600
227422116
316442688
289342824
444999552
188278068
201893748
408739284
154604148
232428624
62890560
4900152
338727132
361249908
370515144
365844552
221618244
82012740
335407728
81523116
268533984
163054272
365162772
368830968
506531016
344598216
58381440
19758072
396181020
40335420
436051332
414102744
173072976
466318872
124952916
120880920
478888536
11998872
54415692
75766908
283119204
430428852
122214036
263660220
371835636
262663968
236729364
402009804
223205664
72942564
155619672
434658792
459768564
188005656
438220200
149802000
106489512
24794220
178204176
88578924
129258360
108310548
260554596
265982508
310136004
350388660
192370068
171402804
46601964
95153628
142292292
7281924
227434236
132207996
11112900
155060172
422797896
338740956
483030036
299282088
464536980
138833904
395793984
366039864
435150948
458966424
223461192
203078880
450931392
198953604
281949756
335427648
397169184
293227596
462785640
31526364
314220972
13029072
20188224
239727156
359562024
431819616
330367056
493369092
272369472
189471636
414392628
310614480
327066624
229503876
303274488
343540992
4997352
470751012
183037344
332349780
101969676
503893404
236760576
60893928
30314364
368506488
401178120
164368836
125415900
186924768
99321648
483191016
446050704
106438632
383293404
318696564
352062708
496298664
385342680
367605372
325535904
21513852
223960524
458633616
445850088
209786196
29987940
419388732
307559448
411855720
422590620
259633296
396586212
41232840
388251456
273921432
65245848
212858520
1753140
397463916
388006656
383632248
199118916
352177056
7933356
206259000
177346740
146631396
294506496
239183844
77299704
415144032
166270488
379713816
78537612
22834272
261468192
50486496
479239224
437554812
174174600
183070704
247677600
254561700
452892528
393879492
162911184
320274540
23454624
475719552
104871864
489960948
58095936
37159332
42414768
173833956
329058768
494065104
85411284
172031532
472433004
259415436
335319060
91895880
453790884
64220448
147721128
131856864
396473508
503237076
278977500
185155248
280905624
117321384
333503472
289170012
441121392
47493660
258745224
378589908
386677980
148574976
212499816
486123564
255342036
255231072
143421840
124258608
392161824
275811012
321630528
351239412
260807292
157482456
198207480
314124396
316370064
44496924
306580140
358427556
396514032
14582400
62345616
46172424
482047596
125113356
158433756
435012960
380120304
489767016
296438124
49964256
411303036
489587724
155207052
30654216
443595420
181477452
221664816
31731540
27111204
208835376
470750244
326759520
19351380
268252368
151160028
468239136
265739208
61743036
373325292
121928424
364881768
404208768
4472664
257920044
363071148
78875508
181955760
371207388
477070932
223783740
321460404
104910372
75841788
449205948
345319800
450260532
200744616
468106212
397063860
452513352
96961464
35535048
270597252
90678936
467851512
293709300
335230692
169012596
248982204
409379700
265639044
174232764
456965844
386314524
413144088
312361620
443385576
303933816
228729564
160262004
220802340
121693788
7364016
6974544
173503800
163617720
440102304
445688868
189529440
379088112
90617460
71183604
162542448
33276588
442253232
85891320
501732384
165815340
193084320
465877260
122157888
15253272
500710896
313586808
76240968
22027692
327732840
173084208
179316720
458816196
370183560
480282684
456021852
407490480
25729020
58903704
85431276
272940132
344310180
329340276
311967492
21408420
496700232
450932916
185252664
385408740
413782368
7089480
365961192
330248544
497303928
51992028
457159872
5574576
397625772
315261552
362724264
103915704
321297480
503070840
451503312
394155492
281560296
182193300
424196184
303017856
462406764
156091440
63118176
36763896
37225452
176493372
331547448
190264668
494820012
43225092
377684364
3565032
337457100
468748740
240043752
194816256
297431160
264041952
374450256
477517128
73877820
189025596
129940332
246959772
30699216
121310352
408159504
240541392
450937860
399288216
195806532
306162624
79454292
31721496
421373844
405300456
58074312
433549896
10475004
59954388
282847548
96798228
2559180
237029160
53051652
77827524
315234096
15733152
276374256
78876768
381652308
472277760
469526568
136126344
412158468
349752216
419513868
39332688
404826096
132643092
306340176
398054808
279448068
29007984
316784232
237027816
292443468
142934436
75317700
398913228
487545276
303962736
475425000
36986844
265215084
306581856
363966900
301045668
155864064
240755484
35344416
250813740
388307088
100926300
78229164
261907104
205547964
51186024
144538116
234345852
403104456
126102096
375849300
210850128
370835724
175589916
415041528
363652740
50772372
101094960
10443708
241414548
333862692
404039232
211840056
263813892
377577912
492595474
181950312
305687352
158420544
301938948
212283756
8016756
306217524
226894068
470392584
433992048
274308732
255839988
21180420
73736616
398385840
269966316
318517560
13212852
315145020
239036304
435287148
239525100
470373048
363518976
452237556
503229996
242285676
305642064
110951568
446817564
369047316
496810176
289438068
385293024
126672036
144480600
103198308
475579416
45846756
233809032
370983120
130240656
278008788
479062164
187978536
246265656
72844776
260781264
333136008
455665260
166303488
124437456
270670572
234343044
479546820
482181420
430692900
443586780
481725876
367232508
266138196
78684384
92477952
1429332
219699504
400452264
120809496
451437108
435030084
54488916
456707988
75763572
44514816
188113212
5423304
16991724
53489436
445678452
473865180
85074096
449560452
212094816
372314664
95416404
366677628
264603084
111735108
205585284
483019296
438076512
420971328
53912820
503937756
75483456
21553068
491811060
195330132
157136568
476770908
228642204
290655804
111904740
279725112
209555688
398722236
14687196
272541216
151489452
139478304
53025420
476730684
503839128
105114768
217622220
9015972
310020048
156796620
113400228
6323604
401650056
345759504
221410092
323909964
141386328
423915936
344917788
136482276
281572620
492484464
108997260
384598272
237614232
377391240
410614872
290235732
458364396
293776836
375195252
47403924
249885096
211448892
308620548
52648296
199357488
26863704
473441100
353511204
420123612
213612612
478006860
244657512
217814892
229797348
409341744
345227736
205309764
193211280
469729596
334407192
491501772
226331244
305087532
474179568
198415488
83625948
281371428
461526228
122154444
172058040
494777028
496013688
451657596
49612812
229664124
368728368
107263896
305370780
135805668
15117060
305594016
314532264
448503336
75655992
500687376
187933392
58135716
414972132
361651284
491393184
70448532
267230268
480815688
411877632
244518828
437399856
97044228
116771808
189952284
34655724
426089388
448449756
362142528
346630704
19908528
252834492
256762548
438499092
406860864
312227436
383930736
477829128
435062688
154089060
240667512
252185052
243113052
258718980
10622280
439179612
203169840
324414108
363637392
474768192
145481496
172523652
4200204
321140652
370081464
166675656
218014704
338486256
391199988
415064628
167590848
163109208
362552616
183168756
449261808
290112312
6702648
68945076
302794944
312232368
73559664
149264088
457718628
30577608
307468296
123067404
88393752
280936044
498957528
166727220
85561092
320405364
489765408
248638776
9950820
38046648
245568780
106406796
139069740
347191668
207104412
492280392
386750316
195031764
160614960
274810260
401477892
427814472
146571432
119768136
131065692
451885620
339917244
153279096
322303380
441473640
209901312
418987500
41485008
221396580
368928924
26675184
74059596
427697880
334176300
35689800
42117792
275206788
261901536
439905276
31320576
427122840
265110360
127106268
470846460
213718788
388526112
437278224
167079588
52333956
315323592
399762636
120676728
123091752
310046472
130801572
327284628
106555212
470899404
154351860
182371416
137386728
370476156
1318116
329278488
401742612
111217500
357841428
64483752
136398588
206353668
425301708
89020308
149249172
279043980
106386588
105354180
19263564
492327744
328151292
442005924
23083572
251997204
223727040
370916628
148966500
319774680
504946044
330407748
355782996
501709500
259405956
243693984
158812728
184510368
225516780
239290764
26066052
44590260
423035832
42929376
80342028
80913216
276394968
487739460
43471764
401002044
136516680
63642264
115759404
415349412
90538500
329896920
416418276
5069772
153172632
159599316
312901380
354904476
357581808
171835716
459862692
104024844
145083612
375077688
19555152
100601340
258956388
218053200
441987012
183319992
440509284
456837912
106343364
285674868
447915960
8093112
378987564
361529268
155594928
114961368
54994380
471691812
213542124
383612316
169770228
506504244
239886168
447372096
182210088
190049856
105909612
451312980
407946060
138571056
81646776
149817912
267692136
153861096
251956332
24580596
148991256
296528220
77051652
289821060
260093700
208824768
79602864
429678384
139560828
17982780
213205728
502893456
458591316
427614936
12091152
2344212
274538964
325791780
464580324
430228596
262327104
168209928
346861656
274060488
97490112
151244340
339190224
296122716
468078108
346189188
462222756
453040104
128385240
402850512
495543552
25908228
253773900
372074952
107188464
250089348
247709280
126897792
163006668
469775916
5998308
440578716
82125408
311702508
53304348
316111344
113790660
429828792
405003468
298263204
318609384
127390248
447623412
25858968
239785308
10500228
284074188
155907828
81219216
92328408
42838908
464278572
225847836
483795768
292155780
486617820
167510280
358465704
423710352
278335380
344602824
250059900
468247932
264644436
370324320
291080724
471456156
270754284
241704120
