1436 1436 506542332
128
794
380
62
43
1232
798
65
1098
1264
79
320
765
1049
55
253
368
945
406
877
312
178
817
269
790
709
139
110
391
1094
441
1127
1246
909
1059
524
1189
852
458
1422
210
1046
142
713
392
124
719
830
1063
756
37
1183
688
603
797
981
539
654
215
427
211
382
35
238
355
967
635
40
1426
1066
449
529
918
600
1382
413
1354
1231
729
657
980
113
263
202
732
648
774
168
108
629
384
208
816
339
336
965
826
1058
402
165
1221
1169
667
286
722
782
770
1006
1150
1120
132
556
1250
984
207
1421
792
1121
1095
1123
78
131
1131
696
309
329
866
1276
395
859
315
658
1328
307
1062
773
39
1004
1389
244
69
1275
1166
1322
98
730
1360
484
920
739
302
356
1332
582
1364
933
664
998
916
645
598
1037
311
641
1378
547
1116
239
1164
1423
857
1266
867
1405
314
597
623
958
398
699
1117
795
87
509
1307
199
1100
557
1144
1245
1143
1334
1255
649
401
36
385
257
203
1217
761
349
872
827
1312
565
1187
1287
1396
143
1160
955
1015
1243
275
1240
698
517
831
423
1153
209
146
1376
114
469
15
966
647
887
118
883
780
133
433
1205
1339
627
90
1008
1270
619
1279
856
300
757
147
1352
1141
661
860
452
397
1299
175
588
366
596
109
1320
289
759
430
173
590
1265
498
82
475
750
495
618
478
1022
359
74
508
30
960
1317
1227
464
1413
291
665
400
1251
159
985
97
230
454
1308
1204
492
226
235
1056
695
306
1069
754
1034
1195
1258
910
197
503
47
1244
80
439
68
316
681
534
1315
1192
249
24
697
1081
141
58
228
1052
670
417
1419
1088
494
387
1026
1190
828
628
1009
523
38
424
1337
1427
373
415
666
898
735
822
1186
740
1074
1326
1000
227
1257
747
639
679
505
694
1197
472
560
1303
32
552
2
935
947
580
610
1068
1053
1321
1135
1072
480
1409
1301
880
184
1213
631
389
296
1179
1392
1172
443
1271
553
1340
405
964
514
928
70
549
93
837
583
351
45
485
1411
1273
127
1151
85
1282
848
599
1211
488
410
992
650
894
493
276
1101
459
1083
288
595
1428
125
229
1207
746
710
262
1043
832
330
149
105
581
396
409
808
678
522
310
525
538
1327
1089
267
432
333
1350
120
1400
1005
536
939
394
941
537
1086
1044
668
948
470
233
1030
1014
1196
1222
59
1084
1252
1365
292
1203
1032
1429
1241
659
171
1311
148
1020
1168
783
594
868
1415
1361
875
27
26
361
1194
929
577
337
807
518
487
301
1256
1208
519
1286
1167
14
1214
1082
166
496
1336
256
1390
1201
562
177
477
1170
1393
903
809
689
1302
571
236
491
1420
621
546
102
541
1318
181
1138
1106
849
360
612
461
103
766
975
561
294
383
1223
1353
407
84
715
569
876
997
743
1159
613
850
3
1139
878
1248
956
972
1324
823
687
864
67
1011
281
1379
728
345
1051
1414
60
1267
324
1242
1395
568
422
136
1338
161
971
1298
123
1375
462
245
1001
908
1007
1111
994
390
769
403
591
663
1384
895
1073
83
510
246
1155
653
559
551
824
843
365
467
1366
959
1130
745
513
104
287
66
899
1136
1152
217
701
1064
611
1218
861
724
408
322
11
49
5
353
1042
881
1036
121
973
640
978
13
348
338
160
1416
293
20
602
1259
1228
255
411
1133
1226
479
996
285
811
706
904
151
1296
1341
145
986
445
157
358
1436
1269
914
174
1433
1374
186
364
1134
169
990
622
435
1268
1040
1017
1261
412
1234
855
813
1331
1306
1314
784
749
1351
1105
917
92
535
527
675
50
500
189
247
836
1148
404
1399
617
1418
42
892
604
953
1407
1377
886
915
1225
888
767
367
416
721
29
1206
150
1145
858
1129
1236
677
673
140
605
234
386
1023
1200
73
1304
542
371
785
982
242
321
530
243
323
912
1076
1253
370
444
1163
21
748
194
512
662
764
436
506
119
725
31
362
1401
1080
1038
923
642
584
871
870
1198
429
183
802
1013
925
71
804
1031
1067
1342
455
585
135
1362
231
326
1092
1370
1158
282
1107
1182
634
942
1140
23
1016
1386
1039
265
75
180
270
768
428
1424
693
727
28
1115
752
1054
490
1162
655
884
1417
741
938
907
331
185
268
1408
220
260
1325
1239
54
1161
637
1280
787
378
250
1209
1012
952
890
684
89
1199
248
572
272
573
499
680
1237
1065
1045
1260
155
751
1391
299
1060
991
318
419
936
1174
1147
690
284
995
1002
726
993
448
399
676
76
369
507
463
471
1078
298
456
1373
550
431
1294
225
1367
1184
48
1090
1070
1285
1178
1410
1369
869
9
554
172
1165
608
703
283
772
52
763
1104
313
532
574
188
290
129
100
201
1335
33
1181
847
420
297
440
874
1
1229
317
592
258
825
943
1091
686
716
566
305
906
259
1149
1356
482
170
446
332
896
891
1249
806
264
1110
540
1126
526
593
363
1329
1431
138
1263
656
834
96
115
473
342
1272
1075
254
587
682
1035
579
346
905
921
1403
589
893
731
744
1224
736
545
786
646
205
723
502
1348
851
636
873
733
25
1025
279
563
1435
777
624
474
1102
841
949
1108
213
1220
483
692
1345
1176
570
295
1146
156
223
1297
486
12
1344
447
815
1292
381
18
758
707
924
57
1404
16
1383
414
1137
1247
179
954
1288
1099
788
803
372
963
1085
643
578
340
564
1219
789
1191
683
607
1128
586
691
1212
240
575
775
196
555
718
1254
671
77
543
426
840
704
944
983
1087
672
987
1180
897
1041
453
708
521
377
1109
99
241
1313
273
1119
626
854
6
940
1142
800
425
606
1118
632
1388
224
328
779
755
308
988
61
154
17
999
796
544
885
1096
1333
162
187
934
927
81
932
1330
1291
835
558
1394
1357
863
1319
64
1387
1215
442
1112
717
601
614
926
304
163
1010
1113
533
195
8
46
457
1097
379
660
190
319
1177
468
616
489
976
1430
974
278
51
137
1125
742
950
1343
737
762
1079
252
1425
1412
460
277
911
819
845
274
1216
1305
1310
1238
821
86
1027
829
357
222
862
1047
1397
1281
476
19
200
1156
720
1175
134
1381
968
1235
1432
421
711
922
946
528
214
303
271
164
620
206
609
1154
615
781
56
434
376
1057
176
1202
451
1028
393
1278
900
962
216
1380
1124
1122
1024
1171
144
341
842
1274
212
901
4
685
1188
793
979
846
1173
865
418
576
182
1309
1358
1346
931
651
153
1230
218
738
1434
237
776
812
221
1277
977
375
961
465
548
350
853
712
705
630
1398
1018
1289
343
1316
501
72
1021
204
374
198
126
22
989
438
644
344
714
1050
1349
1262
1071
1061
930
567
633
1371
466
192
1233
117
63
882
805
1283
957
1368
520
266
1029
778
116
193
1114
1132
1363
801
889
702
674
814
280
839
497
902
638
970
919
652
352
44
112
771
913
820
152
1406
41
481
1402
760
844
838
7
511
1359
122
158
1290
818
531
1093
325
91
34
1033
625
232
10
951
388
1193
94
347
101
937
734
261
1185
130
504
1295
1003
515
1323
335
111
450
1077
791
799
1372
833
354
334
88
251
1210
1347
437
1300
1385
219
1157
969
107
1284
1055
810
95
516
1293
753
191
106
669
1103
327
53
700
1048
879
167
1355
1019
