1853 1853 629482704
1583
1671
198
146
360
826
769
1019
1650
880
1582
1102
1677
446
1375
1604
1111
1508
1619
537
244
869
1196
952
1546
128
815
1478
469
1772
487
1369
325
927
1663
1815
582
37
105
1092
144
811
1420
1441
408
697
1393
1329
1753
1140
145
1153
1782
346
942
623
520
304
1676
1617
473
1296
1492
616
1643
345
1031
1711
802
1628
847
1467
268
1473
1147
1825
318
500
762
1845
888
976
1633
876
1353
337
632
673
1781
1203
1692
166
658
920
579
1104
1215
727
1590
281
1001
547
1848
503
1354
1682
496
1768
1455
973
542
1696
959
407
779
807
22
392
1600
453
529
447
1465
46
1623
1635
627
1811
775
1106
662
950
284
1280
1260
391
628
1060
374
1783
1556
556
1624
270
1256
543
309
100
109
491
806
905
780
613
1032
786
1533
1655
872
589
597
1422
1725
544
1052
1578
1834
921
1433
106
356
541
1799
1780
368
796
834
1211
25
767
783
137
1542
843
427
1435
363
1658
290
907
1729
1278
1121
133
240
162
466
719
828
701
171
1566
1332
922
1498
1015
73
728
1377
1323
425
1219
1512
1487
296
1067
387
827
1496
709
1003
114
972
38
913
1051
875
1311
1160
983
1587
1798
608
866
1576
1340
1155
1797
1555
1767
1442
1081
1606
508
31
1680
1599
641
350
929
618
739
1077
1075
1827
650
955
441
789
339
859
1726
1390
795
679
311
763
791
1490
801
33
639
155
1182
1324
949
1103
30
1553
1514
1559
781
1143
1774
569
1338
1810
989
1819
718
1048
821
36
40
760
1298
1548
1736
1142
300
117
241
885
940
1446
234
1118
984
1398
1264
1221
134
196
1218
1807
527
1018
904
918
637
568
1269
777
1402
635
1403
1551
1829
1202
506
583
291
1341
1651
315
1745
1165
51
1004
1776
916
609
1306
1128
1415
923
1187
610
1313
1749
1577
378
1464
1495
903
1326
748
1823
832
1534
32
720
1744
590
1779
1173
1494
668
629
262
1270
585
1649
653
683
974
1144
1321
865
398
1094
700
1688
83
433
937
1201
1380
1089
79
954
26
317
817
1540
894
157
47
1762
619
588
926
1110
881
158
538
1400
1347
991
896
140
1330
467
732
1217
423
307
435
1233
306
1611
279
1283
70
243
112
1041
212
819
1428
1706
1066
1257
756
1124
1850
430
188
966
49
1672
846
1410
1083
1522
1812
990
611
1727
287
1220
1421
1509
210
61
1451
969
455
165
1183
1138
1042
1554
1020
1516
1239
646
1011
995
486
1689
185
1413
1647
1139
1694
1627
600
1388
223
1036
1162
1389
1489
1028
20
850
800
1453
168
671
1101
706
362
772
1345
1552
175
1742
104
1192
271
1057
1800
1477
342
1300
461
1517
415
410
232
1690
152
511
675
594
194
1740
1376
429
50
1752
1259
1524
1653
1199
864
1291
1760
197
1058
1308
1226
108
578
1189
1474
237
256
413
1531
687
498
967
1614
1115
1266
1462
1608
1630
1319
1597
958
192
170
489
912
1206
1445
839
417
1024
1470
395
690
580
1134
1316
1613
917
216
667
66
1130
149
656
1168
945
416
1681
1572
326
97
1790
1331
180
956
495
853
1528
1176
359
74
747
1006
1198
344
758
835
1684
1342
501
449
1564
975
497
330
1468
285
776
906
1751
810
1835
1186
1539
1786
121
176
1722
1253
1245
943
1724
1096
1497
1068
910
205
1418
897
1717
1207
531
798
823
1723
1071
808
1195
1191
195
535
1281
409
320
1285
310
515
269
1262
1746
405
1126
1846
397
581
130
1180
142
814
135
458
1318
1479
1374
380
685
251
1785
377
1277
716
599
1327
299
305
1360
1209
1373
136
1025
1213
1228
693
379
21
1336
1698
343
837
2
78
1368
341
670
1662
1145
691
400
1592
605
1010
660
1416
1715
375
163
1009
1210
1225
1409
115
1184
1047
631
229
302
1038
1174
148
84
1312
941
682
321
143
10
694
577
226
1529
586
514
863
93
249
42
1720
1712
564
703
749
1656
1255
849
1166
1789
1146
1636
1384
1170
1499
999
451
1005
1483
688
308
1719
246
1461
792
8
1685
1469
87
294
1836
224
1750
621
1109
457
899
1287
286
35
1695
513
1027
1593
601
1645
867
355
357
1558
528
933
235
661
1263
1557
1538
92
1527
303
182
1284
603
1488
1061
988
67
858
1098
1771
366
220
329
861
1596
914
127
123
1419
1449
1343
753
253
931
790
1241
545
1784
1704
938
1310
1792
132
385
1157
1764
561
1185
713
517
1686
1172
1363
1629
947
889
1090
297
474
1161
1154
1408
572
651
81
41
1227
1648
1430
1615
1236
1149
125
1334
1814
964
1231
1708
1515
314
428
731
1208
248
479
1452
1549
402
1456
1481
1675
1733
1362
774
48
607
1293
1305
1014
1842
178
1813
825
1181
477
1588
436
1378
1594
1673
962
151
1626
1361
1355
549
43
1246
200
1282
1425
930
560
110
1159
1350
630
1476
1395
536
857
370
1135
1714
771
1502
1670
1788
737
1818
507
1424
873
169
571
1595
160
1404
665
1585
1022
1661
1493
672
1838
1223
1243
437
1713
1295
677
9
13
1432
250
879
56
261
1491
483
1618
634
131
444
593
953
1297
236
1242
1521
1563
816
1405
1097
1459
247
986
1607
726
1190
891
562
1372
1652
1640
1045
1437
1743
1016
901
510
494
669
946
1013
118
340
614
829
751
471
1840
1622
5
69
925
622
470
1043
911
647
820
420
204
1660
554
1232
552
331
1443
422
1570
524
1113
794
1193
1387
1847
1396
1851
154
1204
822
153
1276
1457
909
1480
705
57
915
403
353
809
1056
293
1802
1440
1406
124
439
1639
1830
1366
1826
1002
184
1843
1167
1741
1179
1076
120
334
1513
1579
17
1148
676
1550
1703
1078
1759
957
1853
369
1012
1401
887
45
358
851
1828
1178
283
1739
312
935
575
994
678
860
553
1033
997
1589
252
1273
52
871
1122
1053
1679
565
1235
6
1447
1309
1567
1335
332
1448
1023
322
254
371
1580
968
1466
295
1261
838
1560
985
1598
778
681
245
1177
1125
1087
1748
1017
1108
1735
412
12
462
1000
615
874
633
478
327
1601
1426
101
384
1668
1439
684
239
1382
654
722
1831
1832
1700
797
657
908
1693
813
738
1503
231
936
1286
463
1796
1659
1346
970
450
1127
782
559
692
372
202
1399
740
1822
1609
702
54
1359
1188
258
1571
29
1732
1314
932
1069
1200
1463
490
512
1674
919
1163
1230
1414
652
848
1612
1642
1610
1352
804
1504
266
1523
1535
1040
80
978
292
558
19
787
1247
7
644
1082
980
1438
1333
1778
1603
1348
895
1444
987
743
704
893
1543
1816
831
1482
1254
1519
181
1224
624
1379
617
174
289
1212
401
1365
275
939
868
522
766
390
757
1646
445
242
1763
1644
960
1080
1434
189
1669
934
1364
288
729
1697
1371
1657
1747
793
4
16
715
1197
28
150
464
764
754
1707
414
1294
648
1063
475
963
1820
406
1119
1150
122
411
59
707
805
636
557
1561
1356
278
1175
1486
1844
981
1325
1267
215
730
227
1392
996
23
201
1251
347
102
264
1450
696
833
34
1436
502
432
1303
159
333
1084
1683
1805
1169
1454
533
862
187
695
721
870
596
521
1222
88
126
1687
854
755
1500
1734
525
734
516
686
1064
1709
548
82
1841
1030
584
724
1852
138
1044
745
1664
1229
388
1117
878
523
818
465
183
640
214
272
1107
1317
1304
381
844
27
1541
1112
64
1386
1849
591
836
199
354
382
1050
551
1248
1526
396
484
389
1705
1120
717
1431
1046
1602
598
1530
1702
259
1271
750
840
770
741
1520
540
1620
1358
1065
1730
53
1701
550
1237
86
625
1357
1710
1274
167
566
481
1339
1021
1641
404
1007
573
98
1761
1777
193
96
592
663
492
468
890
438
55
698
998
418
1621
886
892
282
90
1475
680
699
452
977
488
480
1026
419
298
440
1151
1573
567
1586
642
982
1
574
274
485
1765
1085
280
1758
1034
1171
273
373
1141
1795
1216
898
383
587
1351
263
759
1238
900
222
526
1667
1787
190
712
213
113
1116
476
328
1458
845
75
499
1423
14
1349
172
971
1817
1367
620
1716
218
44
1506
1322
89
1079
313
1394
1288
454
1129
1133
1721
1099
94
928
15
1417
1072
1791
944
186
1272
301
257
1460
173
1699
62
1634
824
1654
1775
348
424
336
1105
1205
1279
324
11
645
1507
459
1411
63
1591
1370
1773
107
532
1793
752
659
884
812
255
119
95
24
883
1152
1114
1638
784
1385
1407
179
1086
773
367
1584
442
855
1391
1809
1244
1136
710
1328
206
99
856
948
1302
1055
129
116
1757
1315
91
1088
1728
664
1383
1803
1731
1301
604
177
147
570
219
841
505
472
18
606
655
1265
164
316
1821
361
1605
1059
376
666
161
1397
319
643
1320
203
1545
1808
649
924
708
1632
1275
744
211
1164
842
1501
228
735
1769
71
595
238
799
1665
1756
1565
742
1039
803
1547
504
1637
1833
1568
1616
1544
1574
539
207
323
961
60
1240
456
1518
39
335
1794
877
1070
1738
58
1427
1037
714
1766
638
1049
882
65
364
352
1691
72
1029
1132
1054
1008
555
1074
1299
141
626
733
1718
519
788
1770
1801
482
221
77
1806
1250
1510
1562
993
576
1804
208
139
338
1631
233
103
1249
217
265
191
1754
1095
830
1569
723
1511
1292
530
1429
443
563
1344
785
493
992
546
1839
736
1412
1505
768
1100
1307
1158
761
1737
1755
1289
1252
711
448
509
267
209
1214
111
1537
1581
602
393
3
1532
951
426
965
725
421
612
1485
1268
276
1131
156
765
1091
76
1824
85
1073
902
1137
852
1525
1156
230
1093
1381
394
431
1194
460
386
674
260
1536
351
365
746
1484
1337
399
1234
1290
979
1625
534
349
277
1123
434
1035
1666
1062
689
518
1472
1678
1471
68
1837
225
1575
1258
