478586720
739451040
53743392
128366864
240489072
698051824
285268704
575360272
347781648
379730496
570650560
483775664
279469120
664446768
27892240
106467600
704520256
68696048
82187792
764419280
532879552
167224784
576910096
439901248
160405200
731932960
578061744
429024240
110555488
216826432
183953056
501154288
427028304
326665200
559488224
413970128
445792496
11337504
32116400
254529712
131234560
142373504
721177536
361516560
181382112
634733216
501902832
682780112
578909568
650841056
352718448
610945184
256726656
593285312
168797760
370353840
509201408
374515984
551024128
87410736
540745248
377213408
183109584
471729872
766370336
43679664
732946432
509169856
358081200
687690528
662963824
55972432
461524432
212457568
95698032
345465840
128035840
313691344
245230576
680129200
366203936
151934304
632967936
103897200
441954576
346361264
274429504
592906144
76780976
735058512
304823872
71887152
66402816
729179232
113084000
490997536
337713024
192909472
700917888
287191200
12494592
373781040
150679840
225578304
27694768
7023312
353343232
702872480
174028592
767329136
512925632
740434864
576885072
470026048
509254448
740226784
636321152
195712704
32132992
332238208
391101456
11111200
315280096
79519744
1350752
255016320
737746144
489842352
537505184
642044576
738472928
169309664
760522608
417339392
367192656
408098464
541210912
439204656
292634464
21406672
662425808
587432416
164100048
644186848
256921136
180053120
305946960
330893712
612802944
681064336
131409184
397138768
368437600
311527040
524188336
769282640
7165840
230664160
371794352
7669584
386910208
584158352
28593728
167466048
373456816
560132048
410746656
160297760
228896976
140673776
268419664
98560288
481119584
330531680
583598848
653523792
437746464
330778928
571581616
198545584
212330544
75378816
201832976
556067008
581175872
389733760
685852080
210087360
663088400
208130048
89508672
445361648
524524800
505464128
431042208
723296144
674703344
386596048
258563200
408045696
760940944
492788656
741142064
528830016
122314592
442113968
87580464
153633488
81130528
194146528
218208192
705926496
37725856
110347136
136359584
177218608
92867872
188402704
659862208
259857648
510332656
97652352
695166448
29302832
376944400
286852560
467607168
733967520
634152768
333616704
621351088
754606336
580510832
96666896
425007344
65946128
617888800
336475152
241487312
319086736
266236048
334574688
377298272
168317408
260512080
767388160
553940512
661649792
572399792
226060832
424593088
210889488
389891600
351944336
291949296
553876320
580153968
280024272
685610544
62063328
18761472
124829776
748124848
168212416
6102048
190055920
9075824
176584848
601643600
288813680
637836464
204157488
524308560
559387856
161014480
678311696
73755792
634202000
682171104
565985216
552699104
128359520
491801840
565658544
167499776
411917344
626104288
169093152
56499024
266522464
407335504
370016288
604597792
562603440
218911040
70316080
617688880
407463072
72445568
666943728
441502512
455502080
715248480
31030032
135322720
11191712
752303040
517280320
676327728
382514688
303535136
411425296
572184912
15386496
526838432
533360992
762391792
763415328
79794192
414095520
214979552
5100816
773121920
510586432
303167120
422353440
535418672
618761920
391197744
185968848
239790032
70730896
624829152
575985568
405719824
73930144
209090480
442766496
414273408
37139152
577318640
217841808
42890320
279331216
646478176
232153632
37528928
383937520
291668864
344781216
82807952
153084592
92727520
75309456
400024144
628527536
86393184
536857280
104210816
254544128
305279744
89263600
621675856
419301600
500104912
114801136
175185680
569553312
47871184
264235760
330821360
202196640
309184848
476687888
254968720
304431920
93526928
448247296
303203024
305066496
523130528
692460320
637698016
69740528
735244832
734163632
474807552
409763104
151984352
87065024
340617712
385228704
190431008
246236704
538366880
732435888
580793440
130844784
444425968
123702880
198453376
461922640
392690208
453573056
319146576
80829152
538566800
306170544
547522672
119121312
343050752
209389136
466934784
91462992
309380416
494027344
400125872
558232128
205099424
582363424
412526080
132248576
695514336
589913328
201307472
367193200
207413600
232340496
727613600
667318000
173962768
188054816
70668592
46081696
612764864
748205360
401533472
715340416
486066176
336770000
153294304
638823552
498249600
718129232
393424064
615744080
433867200
134269264
696078192
212942544
11178656
768711168
696188080
744251024
345161744
99104288
415471568
673747264
508079408
239587120
232625552
8831024
705822864
412699616
205066512
492006928
603852512
419938352
154876528
733817648
56203632
41960352
529905504
599242928
690436912
501179312
484590800
702897232
422677120
286069472
111527344
443506608
327331328
263602816
155925088
80269104
452825328
2983296
743289504
355908464
747371952
524524256
661208880
305748944
717829760
224307792
505109440
674705520
486727952
350269632
659014384
100180592
56500928
670196032
567047920
178994496
663229840
303253888
74151280
566433200
523939456
360552048
351202048
623784400
393451536
16207936
435056656
281613568
702736752
464678000
417949216
647210944
770610000
708311664
253710720
498373360
659362544
660398048
113232512
472319568
487805344
135249280
288125792
191210560
168913088
335562048
414572336
2643840
101519104
221549984
88812016
354316176
40142032
591330176
657507776
250707024
208887568
685275168
307839808
625017376
573328672
3751350
264128320
616012816
478014160
130461808
580125680
531112912
694441840
105946992
316830224
655063312
570748480
400471584
710417760
703162432
126905680
736033088
332004560
83184128
520206528
518564736
484157008
681017552
354644208
598895856
519817296
670770768
649298224
517523792
698965472
361004656
457759952
436484656
402910608
118068400
181000224
486019392
292361920
9165584
127628384
760977664
405966528
439114624
29781008
384967856
501291376
166566000
126740304
485252352
346838896
366270576
402467520
592735056
759474864
666366000
603692576
288822656
716878032
154917600
315704688
771860928
762237024
265330016
763405808
284052048
683979360
718803792
522196480
419874048
110959952
724897680
367040064
725433792
106321536
326201712
228870048
75955728
598461744
315501232
325780112
760745920
114256320
530206064
595887808
25776352
462394832
490797072
646290768
503501648
15203712
626191600
743259584
165636304
410550000
769937888
452439088
542548064
561825248
444751552
201151072
153293216
557206416
486826416
243550976
311899680
465227168
209768304
275682064
123701792
428458208
614714016
492863184
32223024
327114544
517283616
421738992
455641072
657339680
752073744
264787104
215693008
203311296
335418160
362999776
35886864
325059312
453906256
375832464
192217776
714228752
278747776
222917056
744518400
267547904
76195904
469265552
451980224
737602800
749785136
756853056
5199008
704230848
35959488
248568560
20714160
20344240
38208224
42442336
243868400
555332336
210130608
635412400
125265248
649901296
609418720
137767728
641078704
442944928
155651456
693197984
329402608
633247008
396500928
68943296
734163904
738435936
417723456
434059504
480050896
54831664
540476784
472131888
44913184
609446464
298234672
366101392
216800592
91857120
757634240
312474688
90966864
717735376
375552304
323462128
160963344
100098176
192909200
532950544
338701200
11070400
49892144
452512528
157321808
432134832
537047952
477179664
301224768
526080368
249339136
136921264
447108432
218642032
6722752
637334080
749217744
99502496
461004096
9228688
572474864
95600928
32803200
492328704
314262272
126157952
551134288
186632800
767734416
404089456
569139056
401085488
574604080
201330320
381748192
731286688
12626512
140413472
64478688
253123744
586827216
155513280
534147616
57197792
61415696
706951664
175714176
724526944
138555440
604755008
418477168
95619696
704905136
457336720
275716880
467148032
664768
62308944
517161216
654942544
76567184
269707584
411689408
743884640
350345248
300524368
520734480
132020640
309164720
726741840
573818272
351254816
436855392
601747504
152236496
348676528
733213264
620135520
726427680
653047792
145307840
317667712
447557504
170113968
330161760
153598128
406937568
210479312
548495344
125813056
327019616
131232656
89610672
183613328
492057792
87825624
332079904
733610112
310778496
92816736
112336816
200221648
632579792
202886160
651435648
770645904
421064704
48018064
273593376
666568096
408522512
576177872
495606576
756199440
339896640
353607072
588443440
206087328
757768064
721223776
80071360
311770208
83907376
26977232
300749312
78958064
746923152
576591040
157619376
240891088
350135808
262917920
122265904
428751152
168885888
160654624
253620416
479475616
520708640
244580496
6856304
574747696
242719472
205249024
599455632
416763568
158519968
268337520
46999968
34345440
201144272
439445376
484429280
114386608
215321728
266212928
163130640
741928144
93212496
386789168
739848432
548904432
675169824
156324928
764917856
274328864
277589872
635310944
6542960
72727904
637161904
465554656
139236800
337867520
249998464
751213136
690241616
193725744
28447936
255659328
521613584
626023504
422357520
152451920
121726256
92794704
320771776
432505568
661681344
731465120
16365968
54055920
477348848
116073552
335555792
255837760
315317088
242898096
445572720
656710816
312924848
483710384
32909824
771328896
722261728
70759984
301607744
572077744
511460368
255607920
771645776
606725648
506051024
722012576
341035776
659885328
682909040
123255440
353043488
134820064
630291456
611862640
554437184
570360064
174748304
183084288
353762928
544811376
361358528
563526064
734572992
420047152
734613248
749376864
617021392
179644848
227853040
613337968
497913408
520034624
90963328
503777728
611508224
403259856
364356512
195765472
764478576
408787168
553562704
123670240
446479568
352286512
771083824
195099072
730542224
551669040
660758176
757300224
249374496
562809072
189602224
259525264
163856416
490478016
668615168
563935696
183289376
549038256
667855200
139353760
67867808
194150336
168972112
60360608
110437712
161871280
648249168
545664640
484078400
611722832
147076656
496321664
439080896
683320848
223878576
480026688
692997248
559955520
