8572928
5110784
59062528
144833024
294405888
36764672
278001920
298445056
163627520
126244608
167872768
315219968
271036416
141989120
64956416
13931008
146522880
307801088
39814656
296549120
286533632
52220672
249604096
38536960
205173248
323257088
185884160
105677824
24564736
120762880
89933312
250263552
101927168
59186176
238516992
273591808
290449152
81731328
73941504
83792128
23822848
199732736
208388096
168161280
54322688
340196864
2143232
190830080
65657088
171128832
33961984
87748864
199196928
275446528
4574976
153694464
19618816
251788544
302690304
130902016
330593536
193344256
141206016
293334272
133622272
309449728
309490944
335786752
319135488
122823680
89727232
189346304
101061632
248367616
83379968
197671936
203400960
74559744
201257728
282782976
84137984
280448000
198420992
132014848
205626624
212880640
221948160
6306048
93354240
15744512
177723392
44760576
67470592
297868032
179578112
277136384
273756672
304462592
88078592
182875392
206121216
186461184
34786304
206286080
16362752
327708416
202700288
251129088
287151872
138197248
146275584
260567552
65203712
104729856
213787392
60669952
291644416
44678144
287522816
54982144
147264768
283236352
227718400
67511808
190335488
213292800
27820800
57784832
230809600
4492544
221824512
236199808
73982720
188810496
310067968
43070720
87089408
229490688
324493568
119897344
339170560
106543360
118166272
240000768
163091712
330799616
285585664
11293184
78928640
101885952
48222720
296054528
108521728
13642496
208511744
55930112
22998528
244081152
7913472
29840384
317404416
91046144
274539776
10304000
184153088
276559360
313901056
233900800
190376704
334344192
31076864
167831552
268398592
239588608
197424640
211438080
121381120
147924224
61288192
288676864
277136384
96816384
62854400
80824576
328615168
44966656
123235840
191489536
215724544
21555968
220711680
61453056
15332352
62895616
267450624
111200768
22380288
326842880
59103744
122700032
24812032
25059328
123648000
285091072
64956416
142071552
252860160
21349888
173601792
63637504
9891840
44059904
158516736
326513152
153694464
116023040
35857920
62277376
161772800
141206016
26460672
147553280
194621952
120886528
299640320
276600576
158928896
118248704
244781824
325111808
173601792
203936768
263081728
158970112
176280832
41669376
324163840
84327936
276724224
225369088
165564672
99577856
53209856
156291072
94590720
101556224
53910528
283277568
35651840
201175296
244699392
293705216
72045568
165234944
167295744
75219200
335786752
110500096
88490752
334220544
228790016
116311552
294241024
337888768
308130816
24605952
126502656
241937920
296384256
319794944
32395776
173890304
659456
314478080
3132416
335003648
177063936
104729856
307347712
66687488
31282944
1401344
153199872
168985600
292757248
119814912
10180352
294405888
157609984
157692416
140422912
122081792
39938304
149778944
299887616
6388480
824320
251706112
148830976
278084352
108645376
300217344
6388480
145863424
287151872
132509440
186708480
199032064
69036800
57290240
290325504
145039104
281381632
6306048
335127296
131891200
149737728
65080064
108398080
117465600
100608256
78598912
77156352
32560640
157197824
189140224
249810176
82184704
245729792
105100800
195858432
330634752
252489216
28521472
115198720
210119168
249439232
245729792
310686208
307759872
305534208
95332608
169562624
308172032
308996352
261103360
305410560
43029504
101844736
2102016
2885120
67017216
132014848
284019456
237033216
43524096
199444224
174302464
206945536
197507072
79299584
59062528
275611392
94219776
30417408
294034944
120556800
105636608
39567360
169915648
292139008
238063616
237404160
309161216
75219200
37162496
70850304
206574592
41133568
36270080
208305664
166677504
22792448
265348608
174920704
163215360
100038400
32436992
244658176
84245504
298816000
247543296
201340160
143967488
332819200
328656384
202370560
1689856
281051904
69861120
21968128
178465280
188274688
334385408
79093504
79835392
258259456
123112192
339825920
330469888
282906624
50407168
283071488
213498880
159052544
305451776
321113856
251129088
309820672
15456000
253602048
64090880
92529920
304091648
84286720
312458496
113467648
221165056
133374976
295312640
227594752
334880000
149490432
265101312
70891520
97599488
206038784
286822144
112066304
230273792
26172160
128841216
278290432
135600640
255621632
255745280
72746240
340938752
199856384
53580800
12735744
117506816
33591040
258424320
298445056
141329664
185265920
105142016
48758528
166966016
111283200
320948992
126739200
169274112
232952832
210407680
148624896
229861632
172859904
139681024
172695040
194698536
164575488
169438976
322968576
114209536
233529856
271695872
294570752
208841472
239794688
121463552
56754432
209336064
210490112
233364992
192313856
269593856
127604736
203730688
249109504
331706368
237509888
308542976
69819904
308254464
233200128
213704960
82102272
4863488
231262976
269964800
322432768
222772480
278702592
171087616
107821056
97723136
77527296
164493056
314601728
338507008
97764352
261556736
270006016
329357056
137290496
199485440
291149824
262422272
287605248
207316480
45667328
170510592
287357952
139474944
299805184
324328704
198496256
331912448
228460288
73859072
255704064
6965504
71344896
14878976
166842368
303226112
159505920
186213888
194209792
46409216
168655872
310356480
47934208
179207168
234848768
79546880
221041408
25512704
313406464
143431680
301577472
309861888
270294528
230974464
99454208
102050816
153447168
331252992
161443072
111819008
30623488
341103616
16527616
72457728
225575168
226399488
71839488
121216256
70973952
120020992
128016896
189140224
298362624
146852608
228089344
133581056
221906944
330263808
59804416
52261888
174632192
202123264
264689152
156950528
89232640
34044416
49788928
216754944
55888896
73117184
54817280
151633664
112396032
342298880
335209728
102957568
252530432
130943232
97352192
124802048
331747584
67017216
2761472
217167104
334509056
85481984
149820160
222813696
170510592
83132672
156662016
305740288
170180864
313117952
243133184
185595648
13353984
91458304
142404864
270599168
70190848
52632832
223555584
266667520
108315648
327255040
86100224
138156032
92076544
65038848
76661760
175209216
227965696
243462912
175003136
120886528
158393088
157733632
333313792
187738880
68748288
29510656
302896384
192148992
217249536
177970688
113591296
323092224
295642368
249274368
326966528
221041408
101885952
19577600
12364800
31942400
223555584
145162752
24564736
236009984
263988480
245564928
266585088
155466752
1483776
190170624
108562944
301165312
234725120
112437248
149366784
57743616
341021184
18712064
44760576
321319936
288058624
81854976
281876224
93395456
19000576
214199552
9067520
741888
108274432
264194560
41628160
148212736
63555072
279238400
306152448
286492416
2843904
75425280
320248320
138238464
276188416
135353344
31118080
50201088
166966016
238887936
133416192
217373184
38990336
26089728
219846144
180320000
181515264
238434560
132715520
263493888
186461184
76208384
85317120
164822784
39526144
39278848
315219968
186889728
262257408
301495040
13024256
301000448
113508864
17310720
324081408
256487168
173436928
228707584
66440192
301536256
159876864
73817856
258218240
97022464
251706112
244575744
24935680
331500288
80577280
249892608
39979520
295724800
69284096
165647104
335580672
163957248
122493952
314931456
238228480
86965760
263535104
189428736
9685760
113632512
48346368
282947840
4286464
94920448
231221760
47233536
77692160
267079680
207027968
42658560
205873920
29469440
62730752
176322048
88696832
261845248
106131200
197300992
128511488
99330560
253849344
26007296
288635648
76002304
177311232
282453248
197713152
178795008
285297152
162473472
140587776
150603264
198661120
160124160
237857536
90675200
183947008
10345216
104894720
32684288
324040192
101432576
98506240
107120384
325194240
108521728
227347456
119721728
221329920
8160768
270459392
198578688
266049280
188521984
138238464
250139904
103163648
296178176
99536640
70767872
179165952
6017536
2679040
230232576
251623680
255786496
239835904
176074752
137537792
142277632
47604480
188604416
43441664
190211840
136507392
261309440
259908096
277878272
212386048
74394880
274003968
235302144
150108672
238887936
137661440
82267136
56754432
67264512
162473472
165482240
302113280
327543552
102916352
243421696
122123008
8985088
42658560
97723136
338919168
272231680
221494784
207852288
289047808
268522240
269140480
57702400
289542400
8614144
301659904
221824512
159052544
79629312
61824000
270376960
86594816
93024512
303555840
250634496
329810432
193797632
97393408
180938240
43812608
90015744
326100992
284060672
298857216
50365952
339454976
295807232
194415872
83849472
1731072
33961984
340567808
1813504
297167360
326760448
271819520
270129664
9603328
70149632
307759872
228006912
214900224
240495360
18052608
156662016
253354752
235054848
251623680
307924736
105018368
28397824
19701248
136095232
260072960
143514112
18794496
158393088
173354496
38536960
8737792
203854336
78145536
87542784
91705600
169315328
25883648
332283392
47151104
46738944
254467584
92900864
287069440
242721024
145286400
19660032
291067392
260649984
146770176
288512000
261804032
149201920
259619584
246718976
299640320
317363200
322886144
13518848
163503872
203483392
342422528
269222912
288264704
237733888
257682432
240412928
319712512
117218304
121381120
108645376
316497664
264276992
285091072
87130624
176940288
70891520
158393088
284349184
67923968
97187328
27532288
128346624
33467392
141783040
324864512
245029120
68212480
250387200
233983232
112272384
85317120
229243392
275693824
167460608
136837120
273921536
279732992
32300800
292180224
219887360
58032128
169315328
5522944
209171200
194415872
201752320
3008768
186626048
140175616
287728896
53622016
130695936
312499712
327502336
157445120
156291072
113797376
194745600
42493696
86141440
90427904
141659392
83173888
201958400
20401920
86429952
14384384
290778880
241031168
81896192
221371136
201092864
262834432
180938240
104935936
297373440
278331648
82638080
299022080
270541824
225204224
68418560
144874240
331830016
85729280
275735040
124101376
11581696
246677760
63555072
62401024
144379648
252736512
240701440
108356864
339042816
167213312
51684864
155260672
75878656
81854976
259207424
322844928
98629888
322473984
209336064
22256640
94054912
110994688
332200960
282247168
267079680
269264128
146358016
60216576
166966016
248656128
321072640
145574912
269305344
286657280
337806336
227265024
243998720
76991488
168655872
20772864
83132672
43936256
28274176
258877696
80577280
209647344
201051648
307924736
115816960
324081408
236992000
226935296
250345984
333767168
133333760
127687168
268068864
80700928
251788544
222401536
164905216
281670144
144462080
17887744
327708416
226564352
73199616
118990592
244740608
155343104
33014016
143184384
134034432
226234624
335168512
157362688
286203904
226688000
83915776
147429632
180237568
194209792
307924736
229985280
156744448
16239104
141906688
114498048
320578048
338465792
306234880
231386624
62730752
69490176
241113600
143802624
178918656
84245504
334632704
291561984
115075072
272602624
271489792
202246912
22256640
96445440
66728704
29675520
253890560
339949568
25718784
211149568
25966080
213334016
236250112
311015936
241072384
300505856
10386432
52797696
244658176
85111040
278455296
9974272
123524352
238187264
301288960
79546880
142689792
139887104
339867136
177640960
238764288
231757568
106254848
5193216
291932928
145987072
12323584
242185216
278166784
321113856
263287808
31365376
194127360
161607936
323174656
184029440
287193088
176198400
329686784
25636352
226852864
39031552
250675712
192684800
290614016
197671936
102380544
99042048
111901440
277424896
336652288
164039680
13106688
332901632
299104512
32230912
265554688
153859328
292798464
59268608
44636928
150067456
222566400
153282304
202535424
334838784
229944064
76189734
210407680
200515840
12117504
116146688
154024192
130242560
90881280
106213632
48511232
111077120
237033216
113055488
230356224
325235456
127068928
40474112
258465536
138073600
226152192
15785728
201092864
77444864
115487232
182463232
176239616
315013888
178259200
281505280
220588032
33961984
175250432
327090176
68500992
144503296
5069568
314024704
238146048
161113344
173807872
246801408
176074752
291603200
41586944
310727424
110005504
199609088
132591872
236868352
211932672
128346624
311304448
172653824
41689088
494592
105883904
29593088
251252736
239918336
287728896
98300160
13972224
160577536
201051648
57290240
218856960
228666368
16610048
89974528
83297536
182174720
218692096
184812544
50448384
63431424
39773440
109758208
298898432
214570496
251046656
246636544
229944064
186502400
165688320
326100992
260443904
245317632
201505024
83132672
315549696
266749952
296796416
144544512
4080384
81154304
195528704
55476736
16115456
202700288
106831872
237610240
49665280
292097792
260732416
248985856
16115456
226852864
53745664
245523712
295271424
14219520
244699392
201010432
128717568
25347840
88161024
220588032
