320806144
261220096
253018368
37253632
130931200
312999680
111760896
266605568
262751744
31324672
85179392
49655040
1630464
120555520
301191168
21690112
72827392
8152320
106375424
245953024
207217152
65317376
3260928
242445056
216604672
369225984
298226688
84537088
83647744
331972352
154054144
342693888
73433600
118480384
182414336
78459904
63686912
20041984
69467648
146000640
116701696
253808896
294916352
102620416
291704832
162404096
306379008
331181824
359398144
357664512
362951168
123816448
320114432
199954176
144320768
102521600
290370816
138025216
191653632
31324672
328316160
309738752
182266112
100545280
327328000
34585600
215270656
262751744
349956864
339482368
60425984
314926592
153164800
279896320
76928256
84388864
67293696
244273152
346042624
106523648
264536320
143480832
344225536
94715136
325895168
365569792
309195264
341903360
229253120
265495552
179746304
213689600
73469696
176435968
207019520
313197312
117294592
277574144
303058944
15020032
219124480
139330560
283157248
111760896
59388416
296942080
288244480
339976448
305789952
364186368
154054144
235132672
248416256
275449600
14476544
350648576
238986496
16255232
282267904
230537728
299313664
371795200
305588480
78410496
25692160
301981696
254105344
78855168
28063744
315815936
25889792
268581888
59635456
267692544
121642496
227128576
142295040
143078144
318236928
41255680
40465152
256328704
179400448
218580992
313740800
102126336
263492864
275301376
323622400
175645440
304756736
29249536
97086720
34783232
95555072
348128768
279105792
310875136
23001600
259737856
119172096
81177344
161662976
137798912
127373824
302426368
148816896
327871488
256476928
18429184
199756544
128707840
127423232
309738752
23419392
152127232
212306176
224361728
333059328
356182272
119715584
126731520
365223936
301289984
204400896
220952576
320410880
90663680
246200064
80732672
30731776
203659776
243465984
364334592
174953728
293681152
268977152
366113280
243087360
246348288
162848768
203857408
216357632
262109440
122136576
199805952
115713536
219025664
143773952
326932736
53311232
260330752
251042048
45949440
195161600
154647040
39279360
16117248
197730816
16897536
274856704
43874304
207315968
1729280
313394944
90169600
95258624
316408832
38637056
178461696
349462784
276684800
373475072
348425216
12549632
77471744
363692288
122877696
16403456
269767680
102323968
226239232
364334592
355589376
189973760
208847616
65564416
266803200
345856000
347881728
86612224
347041792
110328064
318236928
192740608
78262272
324215296
12006144
138638848
318533376
304995584
372091648
312703232
236071424
195902720
108747008
16848128
278463488
291803648
125397504
351192064
152917760
312456192
302722816
140121088
62105856
172088064
66157312
48765696
187453952
91305984
360065280
187157504
235379712
251190272
31670528
66601984
292396544
69319424
334936832
63295744
332713472
169370624
113786624
67392512
38637056
120259072
54348800
277178880
189973760
99754752
321497856
125792768
84735488
371844608
131079424
269125376
226718464
265419776
4249088
160724224
125297408
58045184
184094208
44318976
280489216
67738368
206920704
178066432
265469184
234935040
302278144
111859712
256575744
11363840
105146624
166010880
172878592
369747968
6274816
288048640
260959232
273621504
247188224
282366720
206080768
253759488
42194432
307346432
114132480
342644480
196248576
245656576
67096064
305044992
99359488
24209920
162438656
169222400
87600384
239826432
226288640
121543680
97729024
290173184
371152896
222681856
313049088
56967424
316211200
257761536
127867904
99655936
147334656
268038400
135032064
264678656
196890880
364384000
107462400
80930304
235527936
72135680
261349120
4940800
145951232
172977408
77718784
163836928
84734720
72471296
313839616
149903872
346745344
39180544
241358080
191900672
333158144
179351040
354700032
108302336
167196672
167987200
290074368
351735552
70702848
349463552
354749440
184884736
255523840
101545984
274263808
299182336
221051392
345707776
215912960
215171840
143398144
346646528
199015424
51631360
291754240
69764096
142887936
360777216
28656640
225498112
80337408
311517440
206377216
94523904
5089024
318335744
90120192
325203456
225251072
281131520
363988736
90466048
62649344
34042112
112205568
345658368
86315776
53987072
89379072
170852864
237454848
222088960
256921600
236565504
67886592
73914368
306131968
271398144
152769536
351636736
265765632
88687360
349215744
157710336
298786304
28903680
12352000
131425280
93134080
230735360
176139520
217889280
310875136
168481280
273127424
151534336
366953216
28854272
136958976
270854656
296892672
46893824
285380608
188164808
145160704
306329600
94298880
92738816
210280448
26630912
179845120
124508160
167526400
319102720
349956864
128016128
112007936
168481280
326191616
23567616
76137728
86167552
284343040
237356032
89908992
335727360
368781312
34338560
64675072
144765440
184440064
27559168
362802944
5681920
337654272
370115328
106424832
67543296
107462400
194025216
320312064
363044864
68775936
297979648
63933952
197780224
102669824
337259008
149953280
372684544
369452800
20059648
277574144
345312512
265222144
76187136
141455104
188145664
233502208
212849664
67441920
161761792
280044544
218630400
37747712
146445312
35277312
109290496
256575744
367379200
92596736
236861952
152868352
200250624
213788416
364927488
154202368
87303936
41008640
62846976
194124032
13043712
129893632
337513984
119221504
85377024
304946176
121000192
81770240
338296576
175497216
129597184
110377472
328414976
70458112
195062784
126237440
110918912
367842560
118480384
314531328
328316160
91157760
106424832
137304832
344571392
137107200
154103552
354996480
46987008
332515840
325252864
136366080
233946880
139379968
287406336
336270848
143530240
118628608
352476672
368534272
311517440
176139520
133253376
232514048
339778816
295781376
244421376
251881984
280093952
18478592
191900672
48073984
181080320
259900672
3507968
172878592
86068736
111612672
28508416
204005632
219317504
348326400
85278208
49556224
149706240
46838784
350846208
20207872
363000576
34585600
121494272
180092160
211515648
362704128
211021568
33795072
48913920
228490240
82298112
21146624
23814656
276684800
144320768
253660672
66453760
120851968
27174400
370708224
150793216
247385856
283601920
230685952
339828224
277672960
310529280
263492864
361567744
120703744
335134464
41107456
72975616
220557312
256575744
275810816
64180992
44417792
348178176
180092160
310084608
32362240
182167296
155985664
77718784
255884032
189183232
285874688
364779264
136514304
241012224
100742912
199608320
326339840
310578688
287159296
228857856
130091264
60080128
142097408
45475584
232019968
25543936
255291136
124162304
592896
228759040
115565312
165566208
5286656
249955072
211318016
287801600
272571136
34387968
188096256
83851008
49457408
98618368
244026112
359344384
366903808
15118848
155239936
194815744
281922048
204993792
261318912
324462336
204549120
85871104
270014720
42243840
103015680
30040064
38933504
196248576
199262464
1139712
326488064
54002944
9112832
283107840
46344704
74013184
227474432
23518208
198126080
205507840
95604480
370856448
266725376
356528128
227869696
132709888
315321856
218679808
156623360
308108288
243581440
34859008
61364736
144567808
195062784
320410880
85426432
12401408
296793856
301685248
112156160
201288192
230290688
300746496
323008512
125068800
82758400
199509504
104596736
326932736
43612928
29002496
215221248
239431168
142245632
226782720
149508608
222978304
279797504
45356544
119666176
360036096
88440320
366990336
171890432
44269568
360974848
444672
76977664
171989248
296744448
212009728
186169344
33350400
260153600
295220736
261565952
318385152
364136960
70011136
181772032
112254976
357071616
197780224
39674624
246051840
302920448
26630912
16502272
103361536
7806464
139281152
64625664
149805056
332664064
294916352
166504960
301635840
6373632
151237888
119122688
306741504
315865344
38390016
240666368
23172352
271538944
290667264
60475392
47234048
395264
335085056
149310976
332418048
106248960
190319616
355441152
115071232
114231296
79892736
203088640
207958272
127571456
162354688
120567040
365223936
62056448
257810944
140961024
300647680
222118656
173619712
131178240
259041024
348276992
81523200
287109888
252820736
92392960
231130624
29990656
204894976
300746496
123816448
288443904
7905280
280242176
307713024
31769344
141553920
20818944
227820288
64180992
211515648
150793216
239974656
240666368
240518144
289629696
292495360
153653760
95456256
125496320
323177728
341755136
265963264
71740416
300795904
231674112
159241984
116553472
240715776
355045888
212553216
162651136
206278400
14525952
25099264
65267968
260726016
239184128
309343488
219717376
368929536
343731456
321547264
38986240
246447104
205883136
99754752
199213056
147929344
16107008
356923392
240122880
231921152
264975104
201485824
77867008
54249984
327179776
347535872
226099456
69862912
332861696
228166144
173026816
195902720
255348224
216308224
73864960
189825536
145803008
316606464
16897536
47728128
38735872
120007168
126632704
17095168
6075136
16255232
159143168
340668160
51285504
63588096
96340736
175645440
154795264
323721216
124162304
304402688
355490560
312999680
7954688
143382016
121395456
279402240
226140416
370757632
261812992
207810048
164676864
67392512
263048192
225596928
307564800
297732608
181469440
191110144
263295232
167147264
86859264
162058240
226585088
305341440
77570560
159686656
48765696
130190080
279402240
197977856
59783680
7658240
99161856
118628608
145111296
85917696
344818432
150200320
363494656
39921664
262652928
253512448
179104000
269866496
133006336
358933248
243186176
314580736
281082112
312703232
235774976
228660224
201782272
43973120
366525184
161761792
145753600
321201408
41305088
163244032
183012864
185434112
344126720
4150272
252721920
298374912
130190080
339628032
152077824
296744448
352328448
106029568
74556672
325005824
125891584
285775872
158797312
190616064
39081728
159241984
125438464
156969216
187750400
20207872
26482688
370757632
264283392
110426880
81325568
13043712
75446016
140121088
5879552
78558720
135921408
96938496
338543616
191900672
276437760
231292928
287406336
347782912
44467200
30287104
158056192
288147456
164034560
285380608
35771392
278512896
18033920
340124672
186663424
91058944
16601088
190121984
27987200
215814144
300845312
247582464
158550272
197040128
98816000
146840576
279204608
312159744
24704000
6274816
184242432
73914368
72036864
105930752
159291392
235132672
363780096
158352640
170704640
101141248
227770880
66668032
244470784
359937280
35727872
294422272
6077184
311023360
77224704
354754048
104201472
193086464
24555776
44368384
346103040
297337344
103707392
25741568
150200320
115861760
67145472
35178496
263986944
178165248
53064192
221891328
21788928
318829824
125743360
57906176
22035968
53706496
165912064
161070080
21640704
89426944
188837376
189627904
156178688
330094848
87501568
209687552
268927744
171198720
216258816
371301120
242346240
157216256
220507904
167591936
145358336
131227648
43726080
161564160
218136320
122976512
289679104
154844672
322140160
108796416
326191616
224114688
222855936
46641152
132166400
271694592
307120128
251190272
246249472
45060096
347923968
212503808
210231040
228660224
63044608
149755648
207019520
197286144
184988672
26680320
167048448
366063872
251338496
326092800
74210816
23715840
192740608
61858816
35326720
310578688
371004672
204796160
327525632
99507712
280441088
308305920
285084160
115762944
224435712
210478080
208452352
299758336
88639744
95950336
325005824
6917120
276091904
40366336
213739008
191406592
370722816
152028416
1976320
131968768
100792320
175398400
318483968
309047040
186119936
202128128
306230784
176090112
274560256
363395840
342792704
177967616
147878144
107363584
122877696
296151552
49309184
142326272
266605568
304479488
37310464
276338944
176930048
198620160
188540928
60284672
27421440
30138880
344274944
299807744
113440768
345954816
354502400
146198272
73815552
18725632
256014848
333374208
324017664
261664768
216961792
282366720
209984000
24901632
312406784
341063424
326043392
27569664
133796864
368831744
256476928
278233600
21344256
141949184
125199872
1164032
71295744
277722368
5434880
167942144
230389504
211035904
70702848
168036608
123322368
279402240
259984896
8300544
225251072
40316928
194804480
225399296
87995648
211367424
320860416
193629952
39131136
140087040
134883840
117591040
226239232
84734720
341083904
81424384
265864448
73123840
281082112
329650176
104053248
369818880
205438464
168382464
152374272
121099008
125199872
196594432
12549632
235132672
29595392
274263808
39872256
145457152
341903360
153016576
4496128
316260608
24753408
131227648
289728512
91553024
231081216
266852608
206228992
298572544
258008576
317495808
128164352
358059776
189084416
157809152
309442304
23419392
179894528
72777984
340816384
273226240
355984640
361765376
175052544
201535232
301438208
6472448
159637248
246842368
223472384
170507008
96606720
312406784
349462784
201139968
120209664
131326464
29101312
7164160
219717376
100856320
279797504
199855360
16650496
75344128
330292480
290766080
259392000
342397440
114577152
178511104
101335808
227869696
221347840
186811648
363988736
58543104
145555968
91404800
280340992
68084224
344423168
189331456
324907008
165665024
140516352
241753344
105387264
168283648
225498112
153562112
261714176
327476224
245247232
334492160
323227136
165763840
46641152
221001984
24951040
270508800
276437760
172236288
368633088
166801408
366212096
169253632
149656832
283656448
65515008
304106240
11462656
50099712
334245120
60088064
364087552
177918208
239134720
238986496
29644800
235182080
185428224
56868608
111019776
165417984
291754240
168827136
103262720
157413888
42836736
347950080
112353792
123816448
45010688
336221440
368089600
12006144
204400896
43479040
88983808
350549760
368188416
328711424
253067776
301339392
65020928
250893824
1937152
271793408
185527040
326142208
201485824
148520448
301981696
276042496
88687360
165121536
350895616
42540288
371054080
34733824
4100864
176979456
283552512
41650944
16205824
98128896
217839872
124705792
353168384
47085824
134488576
366162688
132166400
49111552
41453312
78756352
125051648
18330368
54348800
102323968
115515904
324857600
12253184
173471488
293779968
273127424
253463040
297981184
15662336
194371072
220310272
283552512
209723648
284639488
329254912
53657088
374265600
343385600
7658240
317446400
300697088
329452544
21097216
76137728
168036608
317989888
187849216
269174784
204005632
312209152
77669376
40514560
255142912
190467840
217889280
304106240
204587520
7114752
252524288
151880192
317446400
325499904
103410944
165431040
158797312
49160960
257119232
332318208
171248128
102472192
73321472
211713280
309145856
43182592
642304
24111104
162947584
111415040
192246528
282169088
317989888
320213248
340569344
29601280
71592192
268878336
96318976
81029120
125693952
246891776
254204160
61858816
338691840
203462144
326699008
267000832
299116032
248670464
170012928
359492608
150990848
303859200
358702080
50890240
165072128
318335744
236143616
344867840
105930752
155326208
94369280
139972864
246694144
91653376
209440512
83153664
112749056
357170432
372042240
192098304
101533440
294521088
31719936
79744512
4249088
206426624
203758592
300450048
113243136
282860800
159538432
18577408
217938688
43528448
78855168
101187584
38093568
16156416
238146560
58350848
125545728
148520448
76384768
242741504
46739968
176238336
285775872
82807808
118974464
153362432
268236032
53163008
96889088
329946624
179647488
229878016
249641600
131326464
187651584
11462656
90025216
115713536
322930688
116405248
26680320
246990592
254302976
77867008
157759744
85426432
325796352
120753152
110920960
298868992
237257216
206821888
245557760
277870592
122531840
141652736
284272896
195260416
232217600
225794560
187898624
245953024
126484480
307317760
225646336
166989312
258156800
158055168
276240128
293631744
321843712
315223040
61167104
325351680
151040256
5336064
354008320
203709184
149360384
98667776
181426176
235280896
140318720
305489664
31374080
356083456
297040896
171297536
148224
242198016
349956864
71987456
128164352
117541632
9436928
298424320
276783616
312653824
367348480
213146112
111612672
24506368
322140160
285775872
175151360
134021632
315519488
270360576
209588736
81473792
192641792
70505216
209687552
339136512
131622912
216802304
162107648
173026816
29002496
178264064
292100096
218778624
103509760
275894272
105733120
276388352
244717824
348620288
326290432
355935232
127176192
77867008
333553408
112403200
38439424
275943680
215122432
34289152
219322112
2964480
287307520
14081280
126089216
264033024
222286592
221496064
222286592
139182336
26828544
161860608
266852608
371696384
242988544
241456896
87946240
119666176
306082560
30385920
72036864
68133632
147631104
242939136
38637056
166702592
25543936
79102208
217345792
350105088
104547328
187157504
350648576
274209536
324314112
217254144
15217664
89922560
349858048
112502016
86859264
51334912
148224000
182908416
365619200
304155648
20356096
278167040
113028282
261467136
38291200
251585536
329699584
102571008
217592832
160625408
60920064
85475840
110081024
211565056
13043712
330193664
156524544
67773952
232019968
308849408
366508544
112600832
271892224
40316928
2717440
270706432
208699392
75594240
122235392
147532288
72283904
188442112
175892480
346152448
64180992
320163840
143876096
47214080
322733056
232715264
233502208
286394880
110723328
261911808
310529280
204787456
162502912
147433472
6719488
238986496
265271552
143678464
150447360
191208960
24951040
236614912
256526336
345084672
149360384
228413184
26383872
318335744
279797504
47629312
41897984
171841024
157562112
108499968
20356096
192345344
165170944
40811008
156524544
238986496
8448768
111118592
178461696
144913664
72876800
87798016
114181888
125496320
147137024
72718848
87353344
4496128
70851072
306082560
270854656
49852672
192259840
28804864
286961664
14229504
305539072
133451008
84932352
149310976
74655488
229401344
243383808
250350336
157315072
127917312
114873600
98865408
229203712
298918400
1432832
321399040
216061184
350302720
171001088
3458560
58400256
101632256
178708736
206080768
205932544
230290688
170173952
98766592
324215296
229141504
83054848
206476032
293779968
290272000
355539968
29990656
149656832
80880896
61364736
326776576
166999040
141405696
60574208
360431360
183204864
209341696
52619520
72975616
21838336
288789760
282119680
356972800
301981696
332911104
191900672
172928000
176979456
72036864
82956032
58252032
304253184
22332416
255241728
320262656
191653632
341409280
162058240
170161152
179993344
254204160
213096704
243136768
356379904
120506112
233697024
227523840
141306880
113045504
178560512
225942784
170803456
282070272
43577856
95555072
267000832
363889920
300301824
364927488
355589376
28409600
373623296
329304320
246743552
100891136
89428480
5274112
5978368
31492096
113703424
134290944
56423936
17355776
245804800
117887488
343187968
210774528
360937984
32510464
227836672
97630208
279056384
373524480
306468352
246644736
40959232
202572800
334393344
266852608
226634496
64773888
372585728
330539520
328711424
316458240
291606016
193185280
197137920
67293696
128559616
220853760
72876800
305044992
128312576
335134464
55534592
359739648
158402048
295212800
331683840
307465984
252467200
50593792
237504256
40465152
29200128
152324864
290123776
174262016
299560704
329699584
70752256
216011776
130684160
29447168
79250432
77124352
196989696
148876288
187157504
352480512
213762320
233156352
121000192
