397737984
446955520
337510400
380108800
530055168
427425792
151519232
318111744
279248896
120782848
258277376
390725632
320995328
468844544
113311744
496893952
199458816
357302272
459079680
508297216
153812992
409403392
288030720
223084544
166526976
17694720
113311744
93519872
100663296
360906752
280100864
176226304
363462656
289013760
275972096
315621376
375390208
495058944
101056512
98107392
238288896
26542080
186253312
75563008
281346048
395509760
67764224
140312576
234356736
302907392
504692736
523239424
373620736
265289728
425787392
502136832
38469632
274661376
189595648
402391040
158334976
190185472
66912256
399900672
364118016
30408704
462880768
73662464
58195968
482410496
4390912
72220672
294780928
109510656
220200960
256704512
133496832
417464320
436273152
289275904
22347776
62193664
132579328
368050176
423100416
187498496
151257088
113442816
189399040
258932736
381747200
421855232
253689856
89128960
211353600
61407232
506789888
213188608
161218560
247398400
463142912
295829504
524156928
35586048
229638144
263585792
197656576
50855936
24444928
208863232
243924992
382140416
411107328
67895296
342294528
104005632
325124096
506724352
127008768
333185024
239075328
266076160
466550784
376242176
181403648
5963776
111345664
223477760
272105472
289931264
9895936
111869952
197197824
202113024
376635392
374145024
455409664
160759808
373489664
438566912
18219008
519110656
532480000
251723776
404160512
525664256
244645888
444465152
117833728
257359872
222167040
76152832
328597504
425132032
116260864
218169344
334168064
4063232
52166656
43122688
479592448
247235584
146079744
179699712
265945088
145031168
498204672
387317760
520749056
185008128
475136000
237764608
263520256
407568384
323420160
235929600
190644224
306577408
425918464
393347072
218562560
182910976
129892352
300482560
247726080
81526784
388300800
188743680
31588352
310968320
376635392
134086656
124321792
252313600
433520640
63569920
241172480
129302528
358809600
218365952
479723520
482017280
479395840
333578240
85655552
280363008
479657984
53739520
149159936
217776128
313655296
386465792
277676032
315031552
121044992
345767936
376111104
222625792
30539776
464977920
69271552
511246336
504365056
531562496
349962240
39452672
119078912
189923328
9109504
398131200
154533888
469565440
198770688
235536384
104136704
203030528
15007744
100794368
178585600
392888320
94109696
134610944
488964096
183828480
34799616
505348096
131858432
450625536
212926464
439943168
480641024
194772992
304939008
145489920
303628288
226230272
121503744
226033664
427163648
129368064
249233408
519176192
290193408
25624576
174522368
179634176
446234624
507117568
474087424
225181696
40828928
29360128
167182336
474152960
370278400
524943360
50462720
22020096
264962048
192020480
217186304
142409728
167837696
421986304
213057536
24051712
267255808
81264640
273088512
452788224
484442112
502792192
229376000
442630144
394395648
444465152
436011008
384303104
455213056
202113024
78839808
255066112
91160576
449970176
69140480
134414336
513671168
419102720
190054400
331481088
483262464
351207424
180486144
304021504
344784896
395771904
309133312
132579328
237502464
209715200
72810496
426704896
43712512
437256192
76808192
311623680
181731328
202899456
441516032
277413888
370671616
197001216
442105856
395444224
114229248
481034240
429391872
406781952
417333248
224198656
254345216
237764608
372506624
123928576
169345024
139788288
328728576
241893376
44564480
274464768
238551040
505085952
388694016
31850496
171376640
145752064
270008320
518914048
494600192
322371584
7798784
153223168
58130432
198574080
413794304
84017152
302186496
172163072
401014784
28639232
398327808
225705984
353763328
24838144
27918336
233373696
507904000
33554432
48627712
83492864
512819200
366346240
235864064
252182528
122617856
397672448
201129984
257687552
471859200
252379136
324403200
181731328
364707840
366739456
77856768
329383936
228786176
318111744
261160960
191627264
190513152
175767552
215023616
336396288
32243712
294518784
198180864
499974144
144834560
49610752
364314624
397475840
46530560
459800576
140281448
375980032
46727168
263520256
157286400
399704064
342360064
18612224
264044544
98107392
331218944
429064192
518651904
149291008
397606912
322699264
305332224
18939904
288948224
160563200
417333248
401408000
94437376
309592064
333119488
239206400
401080320
155189248
471793664
318963712
455016448
458620928
365559808
253558784
70582272
520159232
159186944
477102080
435617792
44433408
364511232
366215168
461373440
92078080
183500800
136970240
346882048
417136640
166526976
30801920
529661952
246480896
262733824
404357120
412811264
396165120
514916352
153223168
135397376
206962688
351469568
442630144
165478400
413794304
433651712
364511232
123142144
324403200
514523136
35586048
143851520
342687744
307167232
390397952
107282432
525926400
532217856
3080192
290914304
500367360
384368640
98697216
127664128
347799552
38600704
323354624
274071552
510066688
28639232
32505856
451608576
310706176
450822144
290652160
504102912
84869120
86310912
132710400
208076800
200998912
286195712
237109248
111017984
332726272
507707392
234881024
480378880
17170432
102170624
372310016
260702208
329318400
148504576
37486592
101711872
494600192
185532416
495648768
350552064
371916800
500367360
465043456
181796864
337641472
280231936
104923136
312096198
148504576
57671680
183500800
299827200
428343296
86245376
486539264
378208256
341901312
234225664
91095040
18087936
486473728
279511040
75956224
309788672
186712064
286785536
53870592
217382912
287113216
269811712
162660352
338952192
154206208
373293056
388366336
152895488
85983232
37355520
254410752
119078912
131072
277610496
212664320
423559168
491651072
364642304
32702464
383516672
238419968
211615744
311820288
207224832
179109888
254410752
284229632
181993472
15597568
225640448
246743040
367984640
412745728
414318592
155582464
296550400
165412864
225509376
270139392
468451328
503906304
483721216
260833280
448790528
308019200
474546176
172621824
293928960
114819072
190185472
44236800
55050240
188153856
149356544
372178944
523501568
52756480
160038912
412418048
414646272
208601088
434307072
307691520
7471104
215220224
116457472
318898176
511967232
534904832
95682560
77529088
213450752
361037824
392822784
509018112
179634176
147914752
397017088
522780672
120389632
180682752
54525952
226230272
199622656
283770880
443416576
464715776
84082688
321716224
395771904
205258752
483721216
362938368
233963520
47185920
198377472
13762560
75169792
77201408
9240576
364969984
353697792
495714304
53870592
392757248
14876672
471859200
50200576
355991552
308543488
54525952
253427712
148832256
514981888
200540160
28835840
471203840
523239424
50397184
352714752
47120384
489816064
4456448
320471040
113180672
441843712
141230080
297926656
76546048
332464128
108462080
348979200
240189440
472973312
1900544
160628736
26542080
526385152
158203904
464650240
40435712
61865984
126943232
401539072
108265472
79495168
291307520
173932544
490405888
521404416
257818624
317194240
21889024
313131008
326434816
117768192
161480704
384237568
136577024
98762752
90439680
242483200
90767360
127598592
214695936
194510848
496500736
263454720
264044544
119078912
175570944
241696768
285802496
459931648
344064000
386072576
159186944
500498432
169279488
176947200
93257728
282722304
301662208
80609280
514981888
499056640
434700288
31457280
72548352
40108032
467927040
420741120
213123072
520159232
316932096
27197440
141295616
100859904
459407360
422903808
216858624
401342464
448331776
297336832
37224448
323420160
444661760
46858240
115474432
446824448
331808768
228458496
52625408
44695552
535494656
476119040
298975232
106430464
296615936
202899456
425459712
535232512
509607936
349175808
356974592
374407168
160432128
109969408
300351488
103677952
493486080
74514432
311754752
401080320
285868032
411828224
100401152
354942976
320077824
87031808
197918720
203816960
498860032
190840832
338427904
457703424
528809984
459341824
204734464
209256448
20316160
91291648
398262272
467337216
285016064
456065024
9306112
361627648
480247808
424738816
462290944
367329280
391774208
240386048
420413440
411893760
187957248
61210624
10616832
142737408
510984192
244711424
15597568
119734272
64356352
55771136
486342656
394723328
35520512
262144
273547264
252182528
102170624
66191360
378208256
347734016
293470208
315949056
466026496
135725056
342491136
248840192
151781376
415039488
330825728
55508992
456589312
172687360
525402112
427687936
481427456
462684160
472055808
456261632
144769024
192086016
406388736
269287424
382468096
243138560
284819456
79429632
266600448
280952832
371589120
159842304
20185088
513212416
227082240
274989056
468647936
275906560
428708592
153681920
332070912
39256064
379125760
276692992
225640448
510918656
173604864
184090624
479395840
335085568
333774848
515833856
282918912
362020864
206241792
235208704
257884160
341901312
381616128
535953408
97976320
266600448
75956224
391446528
111384576
400424960
266600448
96665600
1114112
367198208
361627648
82771968
31719424
119078912
505872384
497221632
176029696
163250176
448462848
140771328
369426432
70385664
277872640
457441280
216465408
188022784
470286336
60948480
410583040
342163456
244252672
276824064
36438016
348127232
423297024
512557056
347209728
328138752
321060864
151453696
271187968
321388544
86769664
142802944
56623104
322174976
492371968
75694080
4980736
519110656
379650048
268697600
352911360
38207488
520290304
443809792
106627072
102694912
83558400
239075328
415825920
364445696
196608
8650752
202571776
398393344
503971840
90308608
210305024
42991616
172883968
286654464
497811456
368705536
384303104
343212032
29753344
240320512
310378496
468451328
140050432
389939200
314179584
154992640
252116992
220921856
111542272
45138176
156958720
512622592
313786368
44564480
64159744
258015232
134742016
345374720
207683584
338886656
88408064
162136064
164167680
283967488
329383936
211550208
473366528
359989248
409862144
44892160
249495552
480444416
480968704
589824
15335424
132907008
134742016
457768960
18153472
356974592
385089536
465632640
512884736
420478976
13959168
145096704
56426496
259063808
338100224
161349632
342884352
429785088
367394816
409403392
79167488
193855488
374669312
426115072
374341632
208142336
464519168
252772352
362414080
29818880
480051200
185729024
215023616
119472128
13303808
462356480
335413248
513671168
226230272
104988672
470941696
295043072
24969216
343408640
395706368
266797056
326762496
195493888
58195968
418381824
397213696
311689216
126222336
288292864
387579904
177405952
290979840
68354048
443678720
439484416
200671232
193921024
299171840
38666240
337379328
129040384
187432960
443940864
186777600
439418880
398000128
286130176
328073216
250281984
172818432
327811072
412614656
395051008
112066560
254148608
309592064
50266112
533921792
72810496
414515200
310575104
178978816
45809664
501874688
359858176
168230912
525402112
264568832
493158400
73793536
196673536
152764416
336068608
38076416
418119680
345767936
409272320
367525888
248512512
449511424
435879936
336068608
113180672
41680896
444071936
166592512
165281792
131596288
397148160
491257856
487456768
384172032
280887296
406454272
490405888
477691904
83230720
461176832
453378048
342949888
25821184
195100672
131792896
110821376
390397952
366936064
388366336
290586624
45023232
172883968
512950272
505741312
103415808
241631232
39845888
61997056
40304640
341442560
76218368
427884544
500826112
521273344
261423104
275316736
328663040
200540160
179372032
178913280
54067200
130351104
300810240
424673280
215220224
484245504
300285952
396951552
144113664
229900288
147521536
35848192
441581568
468647936
494272512
