1185 1185 536018944
630
62
103
531
388
558
1097
356
168
452
352
318
522
944
370
886
8
578
975
447
1017
478
1043
1113
10
984
952
1181
207
445
721
143
524
1037
444
742
985
847
429
1038
100
220
1047
653
1182
138
180
746
618
499
1107
420
449
72
1154
292
1015
799
329
162
614
25
989
720
122
553
353
160
994
815
779
155
880
987
659
893
176
354
269
798
1021
517
655
405
28
1057
894
163
359
587
791
268
745
210
46
402
789
1185
1071
287
289
583
300
1086
311
47
195
493
365
278
1152
697
466
1002
130
473
797
257
484
18
408
1164
738
977
1083
349
1048
953
665
1166
1178
457
80
526
397
562
671
369
33
373
487
1045
286
54
842
756
260
1146
605
123
1044
104
751
1173
812
832
295
656
716
998
283
6
968
165
273
309
201
235
903
780
37
625
996
568
1041
167
613
954
1007
242
1153
364
379
661
401
496
685
900
252
202
635
520
1051
15
681
733
98
118
41
602
787
147
321
793
884
51
786
398
116
598
1123
1132
513
173
1157
783
485
1179
907
776
906
895
892
1127
208
1001
785
938
713
1030
1029
96
338
563
175
766
1143
196
506
719
327
463
749
958
427
403
1094
1129
532
961
594
530
976
310
640
662
518
1087
1031
191
31
956
1118
1163
663
386
1098
434
547
426
1156
634
450
542
68
834
887
1034
737
21
9
279
698
607
432
955
941
328
841
889
707
1063
97
674
694
49
1183
603
768
567
950
58
1025
862
1039
462
722
298
88
728
157
1125
91
253
921
574
249
1011
337
735
855
468
948
217
436
1135
648
687
624
137
22
178
604
658
739
823
593
1109
255
179
86
307
633
608
702
805
908
152
19
691
552
219
597
42
680
898
107
302
417
232
20
301
679
595
297
528
381
153
326
922
820
650
704
151
1055
1110
392
332
772
355
1054
1119
919
741
391
809
840
141
792
910
1096
740
945
55
488
701
1168
145
1019
347
928
1095
277
573
546
755
45
135
860
459
451
617
825
872
2
183
621
77
856
678
272
306
1149
61
411
932
1169
1080
125
1056
1078
710
375
870
960
305
63
711
582
1077
14
312
644
747
156
229
904
761
667
590
1147
489
1176
854
266
415
850
980
325
611
550
748
455
1161
833
48
371
1046
559
315
730
274
643
1053
515
660
425
668
912
918
1124
675
905
341
394
577
627
507
810
571
323
700
1040
1174
1022
592
1081
826
913
677
421
504
233
491
947
382
101
186
818
299
236
931
84
203
569
861
801
554
1008
794
1067
1004
883
374
1155
983
174
57
108
881
533
472
623
240
224
957
764
433
1076
570
1
52
566
781
368
882
193
876
651
1091
66
800
331
264
865
389
313
296
418
523
115
538
446
551
197
78
71
396
497
714
974
645
638
637
901
335
926
673
871
474
282
448
1092
482
782
344
838
410
631
254
877
340
1012
215
963
38
65
94
213
481
503
267
514
24
753
828
383
109
1042
1151
726
53
214
556
23
813
40
256
456
609
636
154
189
916
486
303
1140
304
345
511
227
1117
1026
211
858
937
121
599
525
731
89
639
170
734
649
223
1177
765
181
205
32
119
465
339
1060
228
676
60
821
572
752
760
543
244
1032
874
537
99
712
316
581
988
400
718
351
308
357
727
545
683
406
619
982
827
914
686
706
1121
416
890
802
102
935
271
498
1059
724
204
1150
358
117
11
536
967
142
773
111
199
879
863
804
1115
1052
1005
600
106
501
1167
995
555
541
521
657
512
642
502
438
1065
1160
565
777
758
859
1136
509
647
999
251
1108
915
76
209
705
317
959
470
548
729
1075
377
576
435
808
1134
696
508
458
1137
171
67
281
806
1010
385
930
376
771
29
1073
414
849
362
873
814
330
1084
428
169
807
454
372
275
158
230
1013
1126
763
172
962
1171
622
187
1093
795
184
35
997
50
483
725
1009
969
380
461
992
226
652
759
246
990
136
774
560
59
294
510
970
95
949
888
73
231
688
132
350
1114
324
1064
440
527
1100
494
529
936
534
190
280
270
885
395
64
864
943
966
616
1000
811
83
778
690
925
942
1102
1128
384
762
81
212
495
830
1116
1079
74
424
575
239
875
259
979
744
586
243
769
933
13
867
1148
492
1069
314
1085
265
1138
3
237
453
848
288
443
1159
1184
90
1142
467
1099
535
1145
965
897
221
505
717
1020
159
669
225
844
120
868
7
423
1023
824
1172
34
1112
736
1130
896
839
490
1139
971
144
334
250
1141
437
430
899
363
682
441
591
1089
853
1101
93
276
1058
161
851
320
218
238
1103
56
185
1066
39
166
92
972
407
476
670
164
399
911
139
177
409
258
285
588
606
110
699
1035
991
146
82
348
579
148
44
708
87
469
561
580
632
612
69
1050
629
366
869
584
12
1061
129
5
361
475
284
757
293
540
628
79
1033
964
390
460
816
342
829
1105
654
891
131
322
336
16
846
222
715
1062
367
866
1018
378
817
4
750
290
128
133
1003
126
837
641
557
1090
519
477
1006
194
693
1111
360
790
836
615
684
43
754
464
978
85
216
188
951
261
589
822
601
831
981
1170
182
770
767
544
1122
27
234
819
1180
1120
929
917
36
114
500
564
703
902
1158
909
105
695
934
404
1036
393
150
70
666
610
1072
878
845
30
689
26
1175
1106
480
796
206
1104
788
516
596
245
263
835
973
1068
1144
1088
113
442
262
920
419
946
149
431
112
192
1131
1016
471
924
646
241
1027
124
539
939
940
993
1082
709
248
1165
198
17
412
134
585
413
291
626
333
692
723
743
75
843
200
346
986
387
1014
784
439
1162
140
247
803
852
1133
1024
1028
343
672
479
923
775
664
927
857
1070
620
1074
319
127
549
732
422
1049
